66.66666666666667
71.33333333333333
84.33333333333333
59.0
75.0
45.666666666666664
65.66666666666667
77.0
46.666666666666664
47.333333333333336
43.333333333333336
67.66666666666667
62.666666666666664
55.0
64.33333333333333
79.0
65.0
70.66666666666667
62.0
55.0
61.0
56.666666666666664
57.0
63.666666666666664
71.0
74.66666666666667
73.66666666666667
49.0
81.33333333333333
69.0
77.0
84.0
44.0
58.0
70.33333333333333
58.333333333333336
48.333333333333336
30.333333333333332
62.333333333333336
80.0
65.66666666666667
59.666666666666664
64.0
82.33333333333333
61.333333333333336
78.33333333333333
67.66666666666667
52.333333333333336
74.0
54.333333333333336
67.33333333333333
58.333333333333336
63.0
54.333333333333336
42.0
65.66666666666667
70.33333333333333
78.0
59.666666666666664
64.66666666666667
56.666666666666664
66.66666666666667
49.666666666666664
54.666666666666664
34.333333333333336
58.0
71.33333333333333
62.666666666666664
78.66666666666667
60.333333333333336
55.666666666666664
81.33333333333333
46.666666666666664
63.666666666666664
64.0
66.0
38.0
57.333333333333336
79.33333333333333
57.333333333333336
89.0
56.333333333333336
62.333333333333336
63.666666666666664
67.0
54.333333333333336
75.33333333333333
61.666666666666664
59.666666666666664
56.333333333333336
50.666666666666664
45.666666666666664
74.0
78.0
63.0
79.0
45.666666666666664
50.333333333333336
52.0
57.333333333333336
59.666666666666664
52.333333333333336
55.0
55.666666666666664
28.666666666666668
68.0
63.0
53.666666666666664
89.66666666666667
74.0
52.666666666666664
57.333333333333336
79.0
57.666666666666664
67.33333333333333
46.666666666666664
66.33333333333333
64.0
54.666666666666664
32.666666666666664
48.666666666666664
78.33333333333333
34.333333333333336
62.666666666666664
65.33333333333333
74.0
68.0
81.0
64.33333333333333
65.0
65.33333333333333
65.0
39.0
61.666666666666664
64.66666666666667
48.333333333333336
66.0
77.0
72.33333333333333
47.333333333333336
38.666666666666664
63.666666666666664
71.0
31.666666666666668
82.33333333333333
63.0
55.0
60.0
51.333333333333336
65.46979865771813 60.38255033557047 59.436241610738236 