070314 1035 00013  501  18               8312330011                    1440 H - входящий, неотвеченный, отбой с А

070314 1038 00002  501  21               8312330011                    1440 G - входящий, ответ абон
070314 1038 00008  501  21               8312330011                    1440 9 - отбой

070314 1045 00005           501  04            1440                   01440 7 - входящий, п/а на сотовый
070314 1045 00012  501  26               8312330011                    1440 9 - отбой

070314 1046 00002           501  04            1440                92330011 7 - исходящий

(1)	(2)  (3)   (4)  (5)  (6) (7)		(8)			(9) (10)