150314 0856 00000  501  28                   011030                    1855 I 
150314 0856 00000  501  29                   011030                    1855 I 
150314 0856 00000  501  30                   011030                    1855 I 
150314 0926 00048           501  01            1821            989108735536 7 
150314 0931 00008           501  01            1821            989108735536 7 
150314 1009 00016  501  01               8316150689                    1983 9 
150314 1010 00001  501  02               8316150689                    1983 G 
150314 1010 00016  501  02               8316150689                    1983 9 
150314 1030 00001  501  03               9307115596                    1983 G 
150314 1030 00016  501  03               9307115596                    1983 9 
150314 1107 00003  501  04                   014549                    1821 G 
150314 1108 00103  501  04                   014549                    1821 9 
150314 1121 00025  501  05                   014549                    1821 H 
150314 1124 00004  501  06                   014549                    1821 G 
150314 1125 00109  501  06                   014549                    1821 9 
150314 1202 00003  501  07                    01858                    1821 G 
150314 1207 00417  501  07                    01858                    1821 9 
150314 1220 00000  501  08               8312480000                    1855 I 
150314 1226 00000  501  09                   011036                    1855 I 
150314 1307 00005  501  10                                             1822 G 
150314 1307 00007  501  10                                             1822 9 
150314 1316 00005  501  11                                             1822 G 
150314 1316 00008  501  11                                             1822 9 
150314 1408 00003  501  12                                             1822 G 
150314 1408 00005  501  12                                             1822 9 
150314 1453 00027           501  01            1457            989107936707 7 
150314 1523 00205           501  01            1850                   01428 7 
150314 1618 00016  501  13               9159590094                    1983 9 
150314 1700 00000  501  14               8312480000                    1855 I 
150314 1700 00000  501  15               8312480000                    1855 I 
150314 1701 00459           501  01            1850            989159351000 7 
150314 1705 00059           501  01            1856            989101437013 7 
150314 1721 00059           501  01            1856            989101437013 7 
150314 1727 00024           501  02            1822              5003742438 7 
150314 1728 00015           501  02            1822              5003743036 7 
150314 1729 00414           501  01            1850                   01858 7 
150314 1729 00029           501  02            1822                   04151 7 
150314 1742 00006  501  16                                             1822 G 
150314 1742 00006  501  16                                             1822 9 
150314 1742 00117           501  01            1856            989308051400 7 
150314 1743 00003           501  01            1822                    1981 7 
150314 1743 00003  501  17                                             1822 9 
150314 1744 00020  501  18                                             1822 H 
150314 1746 00030           501  01            1856            989120137917 7 
150314 1749 00028           501  01            1856            989127629518 7 
150314 1808 00003  501  19                                             1822 G 
150314 1809 00101           501  03            1822                92338830 7 
150314 1809 00113  501  19                                             1822 9 
150314 1811 00328           501  01            1850            989159351000 7 
150314 1813 00053           501  02            1856                92339031 7 
150314 1815 00345           501  01            1850                   01438 7 
150314 1816 00213           501  02            1856            989043980303 7 
150314 1818 00153           501  01            1856                92339031 7 
150314 1824 00128           501  01            1850            989159351000 7 
150314 1831 00002  501  20                     4151                    1822 G 
150314 1831 00016  501  20                     4151                    1822 9 
150314 1836 00230           501  01            1850            983412204839 7 
150314 1843 00002  501  21                     4151                    1822 G 
150314 1843 00019  501  21                     4151                    1822 9 
150314 1845 00247           501  01            1850            989036041429 7 
150314 1847 00002  501  22                     4151                    1822 G 
150314 1847 00006  501  22                     4151                    1822 9 
150314 1912 00007  501  23                    01425                    1821 G 
150314 1912 00026  501  23                    01425                    1821 9 
150314 1951 00256           501  01            1822                   01818 7 
150314 1954 00305           501  01            1822                   01828 7 
150314 1956 00041           501  01            1822                   24060 7 
150314 2000 00127           501  01            1822                   01818 7 
150314 2002 00110           501  01            1822                   01842 7 
150314 2005 00246           501  01            1822                   01810 7 
150314 2020 00007  501  24                                             1822 G 
150314 2021 00057  501  24                                             1822 9 
150314 2041 00002  501  25                     4151                    1822 G 
150314 2042 00020  501  25                     4151                    1822 9 
150314 2059 00832           501  01            1457            989200197064 7 
150314 2102 00004  501  26                                             1822 G 
150314 2102 00007  501  26                                             1822 9 
150314 2103 00258           501  01            1457                92751638 7 
150314 2121 00036           501  01            1821                92025075 7 
150314 2157 00016  501  27                                             1983 9 
