110314 0101 00002  501  28                                             1822 G 
110314 0104 00156           501  01            1822                92338830 7 
110314 0104 00210  501  28                                             1822 9 
110314 0626 00005  501  29                     4201                    1822 G 
110314 0627 00102  501  29                     4201                    1822 9 
110314 0627 00007  501  30                     4201                    1822 G 
110314 0627 00015  501  30                     4201                    1822 9 
110314 0642 00005           501  01            1822                   24060 7 
110314 0714 00002  501  01                     4191                    1822 G 
110314 0714 00012  501  01                     4191                    1822 9 
110314 0742 00004  501  02                     4091                    1822 G 
110314 0743 00020  501  02                     4091                    1822 9 
110314 0754 00002           501  01            1858                    1981 7 
110314 0754 00002  501  03                     4302                    1858 9 
110314 0803 00002           501  01            1858                    1981 7 
110314 0803 00002  501  04                     4302                    1858 9 
110314 0810 00009  501  05                     1800                    1858 H 
110314 0814 00002  501  06                     4111                    1822 G 
110314 0814 00021  501  06                     4111                    1822 9 
110314 0815 00036           501  01            1858                    1800 7 
110314 0816 00003  501  07                     4161                    1822 G 
110314 0816 00025  501  07                     4161                    1822 9 
110314 0823 00433           501  01            1858                    4302 7 
110314 0827 00006  501  08                                             1822 G 
110314 0830 00002  501  09                     4121                    1822 G 
110314 0830 00328  501  08                                             1822 9 
110314 0831 00054  501  09                     4121                    1822 9 
110314 0832 00002  501  10                                             1822 G 
110314 0835 00258  501  10                                             1822 9 
110314 0837 00056           501  01            1427            989202557961 7 
110314 0838 00026           501  01            1858                    4302 7 
110314 0846 00002  501  11                     1828                    1822 G 
110314 0846 00020  501  11                     1828                    1822 9 
110314 0847 00016  501  12               9082330098                    1983 9 
110314 0848 00002  501  13               9082330098                    1983 9 
110314 0852 00004  501  14                     4021                    1822 G 
110314 0852 00011  501  14                     4021                    1822 9 
110314 0852 00002  501  15                                             1822 G 
110314 0853 00050  501  15                                             1822 9 
110314 0856 00016  501  16                     1810                    1818 H 
110314 0858 00002  501  17                     4301                    1858 G 
110314 0858 00029  501  17                     4301                    1858 9 
110314 0859 00001  501  18                     1416                    1858 G 
110314 0900 00104  501  18                     1416                    1858 9 
110314 0900 00003           501  01            1428                    1981 7 
110314 0900 00003  501  19                     1313                    1428 9 
110314 0903 00002  501  20                     4073                    1822 G 
110314 0903 00011  501  20                     4073                    1822 9 
110314 0903 00007  501  21                   011030                    1853 G 
110314 0905 00002  501  22                     4105                    1858 G 
110314 0905 00134  501  21                   011030                    1853 9 
110314 0906 00026  501  23                     1935                    1853 G 
110314 0906 00133  501  22                     4105                    1858 9 
110314 0907 00002  501  25                     1255                    1858 G 
110314 0907 00009  501  24                     1810                    1818 G 
110314 0907 00016  501  24                     1810                    1818 9 
110314 0908 00048  501  25                     1255                    1858 9 
110314 0908 00040           501  01            1858                    1255 7 
110314 0908 00007           501  02            1853                    1935 7 
110314 0909 00003           501  02            1428                    1981 7 
110314 0909 00003  501  26                     1313                    1428 9 
110314 0909 00002  501  27                     1944                    1853 G 
110314 0910 00111  501  27                     1944                    1853 9 
110314 0911 00101           501  02            1818                    1810 7 
110314 0911 00026  501  28                     1214                    1853 H 
110314 0911 00004  501  29                     4191                    1858 G 
110314 0911 00244           501  01            1853                    1958 7 
110314 0911 00509  501  23                     1935                    1853 9 
110314 0911 00013  501  30                     4081                    1822 G 
110314 0912 00053  501  30                     4081                    1822 9 
110314 0914 00048  501  01                   011035                    1853 G 
110314 0914 00001  501  01                   011035                    1853 9 
110314 0914 00000  501  03                   011035                    1855 I 
110314 0914 00000  501  04                   011035                    1855 I 
110314 0914 00000  501  05                   011035                    1855 I 
110314 0914 00002           501  03            1428                    1981 7 
110314 0914 00002  501  02                     1313                    1428 9 
110314 0914 00024           501  01            1826                    4041 7 
110314 0914 00000  501  06                   011035                    1855 I 
110314 0914 00327  501  29                     4191                    1858 9 
110314 0914 00000  501  07                   011035                    1855 I 
110314 0914 00000  501  08                   011035                    1855 I 
110314 0914 00000  501  09                   011035                    1855 I 
110314 0914 00000  501  10                   011035                    1855 I 
110314 0914 00000  501  11                   011035                    1855 I 
110314 0915 00013           501  01            1826                    4051 7 
110314 0916 00002  501  12                     4181                    1822 G 
110314 0917 00013  501  12                     4181                    1822 9 
110314 0918 00002  501  13                     1810                    1818 G 
110314 0919 00002  501  14                     1255                    1858 G 
110314 0920 00052  501  14                     1255                    1858 9 
110314 0923 00435  501  13                     1810                    1818 9 
110314 0923 00026  501  15                     1313                    1428 H 
110314 0925 00005  501  16               8352520641                    1983 9 
110314 0925 00004  501  19                     4076                    1853 G 
110314 0926 00002  501  17                     1920                    1858 9 
110314 0926 00002           501  02            1858                    1981 7 
110314 0926 00002           501  02            1858                    1981 7 
110314 0926 00003  501  18                     1221                    1858 9 
110314 0926 00050           501  01            1822                    4111 7 
110314 0928 00220  501  19                     4076                    1853 9 
110314 0929 00002  501  20                     1255                    1858 9 
110314 0929 00002           501  03            1858                    1981 7 
110314 0930 00003  501  21                     1828                    1818 G 
110314 0931 00008  501  22                     1701                    1822 G 
110314 0932 00002  501  23                    04237                    1854 G 
110314 0932 00002  501  24                     1221                    1425 G 
110314 0932 00036  501  22                     1701                    1822 9 
110314 0933 00546           501  01            1858                    4302 7 
110314 0933 00011  501  25                     1255                    1858 G 
110314 0933 00057  501  24                     1221                    1425 9 
110314 0933 00023  501  25                     1255                    1858 9 
110314 0933 00128  501  23                    04237                    1854 9 
110314 0933 00003           501  04            1428                    1981 7 
110314 0933 00003  501  26                     1313                    1428 9 
110314 0934 00020           501  03            1858                    1416 7 
110314 0934 00404  501  21                     1828                    1818 9 
110314 0935 00217           501  02            1871            989124601798 7 
110314 0936 00008  501  27                     4111                    1822 G 
110314 0936 00007  501  27                     4111                    1822 9 
110314 0937 00016  501  28               9103968870                    1983 9 
110314 0938 00441           501  01            1425                    1701 7 
110314 0938 00016  501  29               9103968870                    1983 9 
110314 0939 00002  501  30                     1313                    1428 9 
110314 0939 00002           501  01            1428                    1981 7 
110314 0941 00002  501  02                                             1822 G 
110314 0941 00120           501  01            1440            989519108261 7 
110314 0941 00024  501  02                                             1822 9 
110314 0941 00025  501  03                     1229                    1426 H 
110314 0942 00029  501  04                     1313                    1428 H 
110314 0943 00047           501  01            1822                    4171 7 
110314 0944 00007  501  05                     1944                    1440 G 
110314 0944 00002  501  06                     1840                    1821 G 
110314 0945 00043  501  05                     1944                    1440 9 
110314 0946 00108  501  06                     1840                    1821 9 
110314 0946 00005  501  07                     1839                    1827 G 
110314 0947 00024  501  07                     1839                    1827 9 
110314 0948 00027           501  02            1440            989519108261 7 
110314 0948 00057           501  01            1827                    1839 7 
110314 0949 00005  501  08                                             1822 G 
110314 0949 00043           501  01            1821            989127602499 7 
110314 0949 00010  501  08                                             1822 9 
110314 0950 00002  501  09                   017770                    1881 G 
110314 0951 00000  501  10                   016195                    1881 I 
110314 0951 00003           501  01            1821                  015530 7 
110314 0952 00030           501  01            1821                  015573 7 
110314 0952 00000  501  11                   016195                    1881 I 
110314 0952 00124  501  09                   017770                    1881 9 
110314 0953 00017  501  12               8312449295                    1983 9 
110314 0953 00053           501  01            1850            989200372108 7 
110314 0954 00004  501  13                     1878                    1835 G 
110314 0954 00002  501  14                   016195                    1881 G 
110314 0955 00047  501  14                   016195                    1881 9 
110314 0955 00138  501  13                     1878                    1835 9 
110314 0956 00018           501  01            1835                92737048 7 
110314 0956 00005  501  15               9127602532                    1822 G 
110314 0958 00002  501  17                     4091                    1822 G 
110314 0958 00030  501  16                     1313                    1428 H 
110314 0958 00000  501  19                     1015                    1855 I 
110314 0958 00012  501  18                     4301                    1822 G 
110314 0958 00122           501  02            1822                    1837 7 
110314 0958 00141  501  15               9127602532                    1822 9 
110314 0958 00022  501  17                     4091                    1822 9 
110314 0958 00002           501  02            1853                    1981 7 
110314 0958 00003  501  20                     1015                    1853 9 
110314 0959 00100  501  18                     4301                    1822 9 
110314 1000 00029  501  21                     1991                    1428 H 
110314 1000 00015           501  03            1821                  014550 7 
110314 1000 00021           501  02            1822                   04347 7 
110314 1000 00003           501  03            1858                    1981 7 
110314 1000 00003  501  22                     4302                    1858 9 
110314 1002 00102           501  03            1858                    1944 7 
110314 1002 00201           501  02            1425                    1528 7 
110314 1004 00815           501  01            1835             89616330032 7 
110314 1006 00018  501  23                     1313                    1428 H 
110314 1007 00000  501  24                     1015                    1855 I 
110314 1007 00002  501  26                     1015                    1853 G 
110314 1007 00435           501  03            1858                    1953 7 
110314 1007 00002  501  25                     1926                    1858 9 
110314 1007 00002           501  01            1858                    1981 7 
110314 1007 00002  501  27               9127602499                    1821 G 
110314 1007 00008  501  28                     1313                    1428 G 
110314 1008 00012  501  29                     1944                    1858 G 
110314 1008 00018  501  27               9127602499                    1821 9 
110314 1009 00024  501  30               9127602499                    1821 G 
110314 1009 00042           501  01            1821                  015573 7 
110314 1010 00014  501  30               9127602499                    1821 9 
110314 1010 00020           501  02            1854            989190005790 7 
110314 1010 00242  501  29                     1944                    1858 9 
110314 1011 00003           501  03            1853                    1981 7 
110314 1011 00003  501  02                     1944                    1853 9 
110314 1012 00403  501  28                     1313                    1428 9 
110314 1012 00003  501  03                     4302                    1858 G 
110314 1012 00106           501  01            1851            989040569217 7 
110314 1012 00034  501  03                     4302                    1858 9 
110314 1012 00549  501  26                     1015                    1853 9 
110314 1013 00012  501  04                    04347                    1822 G 
110314 1013 00101           501  02            1854                   04237 7 
110314 1013 00007  501  05                     1991                    1428 G 
110314 1013 00020  501  04                    04347                    1822 9 
110314 1014 00002  501  06                     1828                    1826 G 
110314 1016 00018  501  07                     1920                    1858 G 
110314 1016 00304  501  05                     1991                    1428 9 
110314 1016 00002  501  08                     4522                    1854 G 
110314 1017 00108  501  07                     1920                    1858 9 
110314 1017 00041  501  08                     4522                    1854 9 
110314 1018 00005  501  09                     4522                    1424 G 
110314 1018 00337  501  06                     1828                    1826 9 
110314 1018 00037           501  01            1858                    1226 7 
110314 1018 00028           501  02            1427            989202557961 7 
110314 1019 00111  501  09                     4522                    1424 9 
110314 1019 00021  501  10                     1828                    1426 H 
110314 1019 00023  501  12                     1828                    1858 H 
110314 1019 00035  501  11                   011008                    1853 H 
110314 1021 00004           501  01            1427            989506102557 7 
110314 1022 00007  501  13                   011008                    1853 G 
110314 1022 00037           501  01            1427            989506102557 7 
110314 1023 00030  501  13                   011008                    1853 9 
110314 1024 00019           501  01            1427            989202557961 7 
110314 1024 00003  501  14                     1313                    1428 G 
110314 1024 00009  501  16                     1944                    1853 G 
110314 1024 00019  501  15                   014509                    1822 G 
110314 1024 00000  501  15                   014509                    1822 9 
110314 1024 00006  501  17                     1923                    1424 G 
110314 1024 00020  501  18                     1992                    1428 H 
110314 1025 00103  501  16                     1944                    1853 9 
110314 1025 00115  501  17                     1923                    1424 9 
110314 1026 00053           501  01            1835                92730706 7 
110314 1027 00002  501  19                     4014                    1822 G 
110314 1027 00123           501  03            1858                    1828 7 
110314 1027 00249  501  14                     1313                    1428 9 
110314 1027 00014  501  19                     4014                    1822 9 
110314 1027 00001  501  20                     1828                    1822 G 
110314 1027 00009           501  01            1835                    1840 7 
110314 1027 00128           501  04            1860                  063666 7 
110314 1028 00057           501  02            1427            989506102557 7 
110314 1028 00111  501  20                     1828                    1822 9 
110314 1030 00019           501  05            1860                  071520 7 
110314 1030 00136           501  02            1427            989202557961 7 
110314 1030 00108           501  04            1858                    1924 7 
110314 1030 00012  501  21               8312959312                    1983 9 
110314 1031 00008  501  22                     1923                    1424 G 
110314 1032 00109           501  03            1860                    4151 7 
110314 1032 00134  501  22                     1923                    1424 9 
110314 1033 00007  501  23                     4525                    1850 G 
110314 1033 00532           501  01            1835             89616330032 7 
110314 1033 00031  501  23                     4525                    1850 9 
110314 1034 00002  501  24                    04349                    1822 G 
110314 1034 00031           501  01            1835                92257810 7 
110314 1034 00014  501  24                    04349                    1822 9 
110314 1034 00023  501  25                     1800                    1858 H 
110314 1035 00111           501  02            1851                    1123 7 
110314 1037 00041           501  03            1850            989043193804 7 
110314 1038 00214           501  02            1881                  014521 7 
110314 1039 00003  501  26                     4105                    1853 G 
110314 1039 00141           501  04            1858                    1610 7 
110314 1040 00100  501  26                     4105                    1853 9 
110314 1043 00017  501  27               8312460589                    1983 9 
110314 1043 00001  501  29                     1923                    1858 H 
110314 1043 00006  501  28                     1520                    1429 G 
110314 1044 00003  501  30                     1923                    1858 G 
110314 1044 00006  501  02                   015627                    1881 G 
110314 1044 00028  501  02                   015627                    1881 9 
110314 1045 00021           501  03            1854                   04237 7 
110314 1045 00112  501  30                     1923                    1858 9 
110314 1046 00012           501  05            1827                    1832 7 
110314 1046 00135           501  02            1425                94215801 7 
110314 1047 00019  501  05                     1015                    1853 G 
110314 1047 00101           501  03            1858                92484737 7 
110314 1047 00134           501  04            1856                92339017 7 
110314 1048 00016  501  06               8316150123                    1983 9 
110314 1048 00011           501  02            1858                    1976 7 
110314 1049 01454           501  01            1835             89616330032 7 
110314 1049 00002           501  03            1426                    1981 7 
110314 1049 00003  501  07                     1121                    1426 9 
110314 1049 00037           501  02            1853            989056659965 7 
110314 1050 00002  501  08                     1840                    1827 G 
110314 1050 00338  501  05                     1015                    1853 9 
110314 1051 00713  501  28                     1520                    1429 9 
110314 1051 00040  501  08                     1840                    1827 9 
110314 1052 00023  501  09                     1255                    1428 G 
110314 1052 00035  501  10                   011010                    1853 H 
110314 1053 00010           501  03            1824                    1840 7 
110314 1053 00003  501  12                     1840                    1824 G 
110314 1053 00023  501  11                     1229                    1426 H 
110314 1053 00018  501  12                     1840                    1824 9 
110314 1054 00135           501  02            1853                   04304 7 
110314 1054 00507           501  01            1858                    4302 7 
110314 1055 00315  501  09                     1255                    1428 9 
110314 1055 00016  501  13               8314118081                    1983 9 
110314 1056 00003  501  14                     1811                    1818 G 
110314 1056 00011  501  15                     1800                    1858 H 
110314 1056 00016  501  16               8314118081                    1983 9 
110314 1057 00008  501  17                   011010                    1853 G 
110314 1058 00205  501  14                     1811                    1818 9 
110314 1058 00206           501  01            1858                    1800 7 
110314 1058 00004  501  18                     1848                    1835 G 
110314 1059 00151  501  17                   011010                    1853 9 
110314 1059 00134           501  02            1853                    3070 7 
110314 1059 00045  501  18                     1848                    1835 9 
110314 1059 00010           501  01            1853                92957356 7 
110314 1100 00024  501  19                     1121                    1426 H 
110314 1100 00010           501  02            1822                    4091 7 
110314 1101 00112           501  01            1858                    1225 7 
110314 1101 00005  501  20                     1233                    1826 G 
110314 1102 00047           501  01            1860                    1438 7 
110314 1102 00018  501  21                     1121                    1426 H 
110314 1102 00108  501  20                     1233                    1826 9 
110314 1102 00010  501  22               8432794674                    1983 9 
110314 1103 00009  501  23                     1926                    1858 G 
110314 1104 00017  501  24               8312788198                    1983 9 
110314 1104 00009  501  25                     4091                    1822 G 
110314 1104 00007           501  01            1851                    1123 7 
110314 1105 00010  501  25                     4091                    1822 9 
110314 1105 00024  501  26                    61426                    1858 H 
110314 1107 00002  501  27                     1015                    1853 G 
110314 1108 00305           501  01            1860                  071541 7 
110314 1111 00103           501  03            1860                  016234 7 
110314 1111 00155           501  01            1824                    4320 7 
110314 1111 00410  501  27                     1015                    1853 9 
110314 1111 00347           501  02            1853                    1298 7 
110314 1111 00002  501  28                                             1822 G 
110314 1112 00015  501  28                                             1822 9 
110314 1112 00008           501  01            1822                   23885 7 
110314 1112 00002  501  29                    04347                    1822 G 
110314 1112 00009  501  29                    04347                    1822 9 
110314 1113 00955  501  23                     1926                    1858 9 
110314 1113 00008  501  30                     1720                    1822 H 
110314 1113 00012  501  01                     1720                    1822 G 
110314 1114 00037  501  01                     1720                    1822 9 
110314 1115 00151           501  02            1858                    4302 7 
110314 1116 00001           501  01            1858                    1925 7 
110314 1116 00011  501  02                     1924                    1426 H 
110314 1116 00006  501  03                     1015                    1853 G 
110314 1116 00019  501  04                     1924                    1424 G 
110314 1116 00000  501  04                     1924                    1424 9 
110314 1117 00010  501  05                     1924                    1428 G 
110314 1118 00123  501  05                     1924                    1428 9 
110314 1118 00003  501  08                     1226                    1424 G 
110314 1118 00002           501  02            1858                    1981 7 
110314 1118 00003  501  06                     1944                    1858 9 
110314 1119 00046           501  01            1853            989107902849 7 
110314 1119 00003  501  07                     1924                    1526 9 
110314 1119 00003           501  01            1526                    1981 7 
110314 1119 00003  501  09                     1924                    1425 G 
110314 1119 00311  501  03                     1015                    1853 9 
110314 1119 00032  501  09                     1924                    1425 9 
110314 1121 00005  501  10                    04091                    1822 G 
110314 1121 00009  501  10                    04091                    1822 9 
110314 1122 00002  501  11                   091522                    1822 G 
110314 1122 00357  501  08                     1226                    1424 9 
110314 1122 00000  501  12                   071541                    1860 I 
110314 1122 00000  501  13                   071541                    1860 I 
110314 1123 00005  501  14                                             1822 G 
110314 1123 00100  501  11                   091522                    1822 9 
110314 1123 00016  501  14                                             1822 9 
110314 1123 00050           501  01            1860            989172874187 7 
110314 1125 00101           501  01            1850            989124475244 7 
110314 1127 00351           501  02            1821                  015573 7 
110314 1127 00002  501  15                     1611                    1835 G 
110314 1127 00001  501  16                   071541                    1860 G 
110314 1128 00002           501  03            1858                    1925 7 
110314 1128 00055  501  15                     1611                    1835 9 
110314 1128 00054           501  01            1853            989124475244 7 
110314 1128 00052  501  16                   071541                    1860 9 
110314 1129 00010           501  01            1860                  071541 7 
110314 1129 00002  501  19                     1255                    1858 G 
110314 1129 00017  501  17               8312444915                    1851 G 
110314 1129 00016  501  18               9506065151                    1983 9 
110314 1129 00017  501  19                     1255                    1858 9 
110314 1129 00002  501  20                     1255                    1853 G 
110314 1130 00100  501  17               8312444915                    1851 9 
110314 1130 00047  501  20                     1255                    1853 9 
110314 1130 00005  501  21                     4151                    1424 G 
110314 1132 00106  501  21                     4151                    1424 9 
110314 1132 00002  501  23                     1944                    1858 H 
110314 1132 00018  501  22                     4151                    1853 G 
110314 1132 00015  501  24                     1438                    1858 H 
110314 1133 00022  501  25                     1944                    1858 H 
110314 1134 00226  501  22                     4151                    1853 9 
110314 1135 00002  501  26                     4041                    1822 G 
110314 1136 00029  501  27                     1945                    1850 H 
110314 1136 00002  501  28                                             1822 G 
110314 1136 00013  501  28                                             1822 9 
110314 1136 00003  501  29                     1945                    1853 9 
110314 1136 00002           501  03            1853                    1981 7 
110314 1137 00003           501  03            1853                    1981 7 
110314 1137 00003  501  30                     1255                    1853 9 
110314 1137 00008  501  04                                             1822 G 
110314 1137 00002  501  03                     1255                    1853 9 
110314 1137 00001           501  06            1853                    1981 7 
110314 1138 00000  501  06                     1255                    1855 I 
110314 1138 00045  501  04                                             1822 9 
110314 1138 00259  501  26                     4041                    1822 9 
110314 1139 00002  501  07               8312469961                    1441 H 
110314 1140 00251           501  05            1821                  015524 7 
110314 1141 00157           501  04            1835             89107918130 7 
110314 1141 00310           501  03            1860                  133007 7 
110314 1142 00016  501  08                     1255                    1853 H 
110314 1142 00012  501  09                     1944                    1822 G 
110314 1142 00645           501  02            1850                    1832 7 
110314 1142 00152           501  06            1427            989202557961 7 
110314 1142 00000  501  10               8312332179                    1855 I 
110314 1143 00059  501  09                     1944                    1822 9 
110314 1143 00000  501  12               8312332179                    1855 I 
110314 1143 00755           501  01            1853            988432537759 7 
110314 1143 00020  501  11                     1310                    1858 H 
110314 1143 00011           501  04            1822                   04345 7 
110314 1143 00057           501  02            1835                   04171 7 
110314 1143 00002  501  13                     1962                    1822 G 
110314 1144 00116           501  03            1860                  013536 7 
110314 1144 00015  501  14                     4105                    1853 G 
110314 1144 00024  501  14                     4105                    1853 9 
110314 1145 00116  501  13                     1962                    1822 9 
110314 1145 00103           501  02            1835             89616330032 7 
110314 1145 00143           501  01            1858                    1310 7 
110314 1146 00007  501  15                     4153                    1853 G 
110314 1147 00047  501  15                     4153                    1853 9 
110314 1148 00014  501  16                     4105                    1858 G 
110314 1148 00046           501  01            1851                    4076 7 
110314 1149 00002  501  17                     1221                    1858 9 
110314 1149 00002           501  01            1858                    1981 7 
110314 1150 00004  501  18                     1255                    1853 G 
110314 1150 00020           501  02            1835             89107918130 7 
110314 1150 00016  501  18                     1255                    1853 9 
110314 1151 00003  501  19                     1945                    1850 G 
110314 1151 00009           501  01            1822                    4041 7 
110314 1151 00237  501  16                     4105                    1858 9 
110314 1152 00026           501  02            1858                    1221 7 
110314 1153 00020           501  02            1822                    1610 7 
110314 1153 00002  501  20               8312728888                    1983 9 
110314 1154 00159           501  03            1824                92724079 7 
110314 1154 00120           501  02            1858                    1438 7 
110314 1155 00002  501  21                     1442                    1437 9 
110314 1155 00002           501  03            1437                    1981 7 
110314 1156 00002           501  04            1428                    1981 7 
110314 1156 00002  501  22                     1442                    1428 9 
110314 1156 00509           501  01            1853            989101480521 7 
110314 1157 00043           501  03            1822                    1832 7 
110314 1157 00213           501  02            1824                    1878 7 
110314 1159 00038           501  01            1860                    1610 7 
110314 1200 00003  501  23                     1878                    1824 G 
110314 1201 00048           501  01            1858                   04304 7 
110314 1201 00046  501  23                     1878                    1824 9 
110314 1201 01007  501  19                     1945                    1850 9 
110314 1201 00000  501  24                     1442                    1437 H 
110314 1202 00002  501  27                     1878                    1826 G 
110314 1202 00011  501  26                     1924                    1424 G 
110314 1202 00002  501  25                     1442                    1437 9 
110314 1202 00002           501  01            1437                    1981 7 
110314 1202 00021  501  27                     1878                    1826 9 
110314 1202 00035  501  26                     1924                    1424 9 
110314 1206 00001  501  28                     1924                    1424 H 
110314 1207 00002  501  29                     1442                    1428 G 
110314 1209 00205  501  29                     1442                    1428 9 
110314 1210 00002  501  30                     1944                    1858 9 
110314 1210 00002           501  02            1858                    1981 7 
110314 1210 00323           501  01            1858                    1438 7 
110314 1212 00004  501  01                     4041                    1822 G 
110314 1212 00012  501  01                     4041                    1822 9 
110314 1212 00003  501  02                     1800                    1858 G 
110314 1214 00156  501  02                     1800                    1858 9 
110314 1215 00038           501  01            1850            989202505504 7 
110314 1215 00044           501  03            1860                  071541 7 
110314 1215 00011  501  04                     4076                    1851 G 
110314 1216 00007  501  05                    04345                    1822 G 
110314 1216 00009           501  01            1853            989050119470 7 
110314 1216 00025  501  05                    04345                    1822 9 
110314 1216 00005  501  06                     1611                    1835 G 
110314 1217 00028  501  06                     1611                    1835 9 
110314 1217 00003  501  07                     1611                    1818 G 
110314 1217 00016  501  07                     1611                    1818 9 
110314 1217 00006           501  02            1851                    4076 7 
110314 1218 00234  501  04                     4076                    1851 9 
110314 1218 00200           501  01            1427            989202557961 7 
110314 1219 00015  501  08                    61426                    1440 G 
110314 1219 00025           501  01            1427            989202557961 7 
110314 1219 00050           501  02            1851                    4076 7 
110314 1219 00004  501  09                     1438                    1424 G 
110314 1220 00052  501  09                     1438                    1424 9 
110314 1220 00130  501  08                    61426                    1440 9 
110314 1221 00003           501  02            1858                    1981 7 
110314 1221 00003  501  10                     1944                    1858 9 
110314 1221 00125           501  01            1851            989536776839 7 
110314 1224 00018  501  11                     1213                    1428 G 
110314 1224 00006  501  11                     1213                    1428 9 
110314 1225 00016  501  12               9601634869                    1983 9 
110314 1226 00002  501  13                     1213                    1854 H 
110314 1226 00013  501  14                     4202                    1858 G 
110314 1227 00017  501  15                     1525                    1822 G 
110314 1227 00103  501  14                     4202                    1858 9 
110314 1228 00053  501  15                     1525                    1822 9 
110314 1231 00003           501  01            1858                    1981 7 
110314 1231 00003  501  16                     1944                    1858 9 
110314 1234 00011  501  17                     4101                    1822 G 
110314 1234 00006  501  17                     4101                    1822 9 
110314 1236 00015  501  18                     1011                    1822 G 
110314 1236 00034  501  18                     1011                    1822 9 
110314 1239 00000  501  19               8317797055                    1855 I 
110314 1239 00013           501  01            1851                92482376 7 
110314 1239 00005  501  20                   011018                    1853 H 
110314 1239 00000  501  21                   011018                    1855 I 
110314 1240 00012  501  23                     4151                    1822 G 
110314 1240 00003           501  02            1853                    1981 7 
110314 1240 00003  501  22                   011018                    1853 9 
110314 1240 00018  501  23                     4151                    1822 9 
110314 1249 00002           501  03            1428                    1981 7 
110314 1249 00002  501  24               8314160174                    1428 9 
110314 1251 00034           501  03            1822                   04345 7 
110314 1251 00006           501  03            1822                   23885 7 
110314 1253 00546           501  02            1835             89616330032 7 
110314 1254 00002  501  25                    01828                    1826 G 
110314 1256 01017           501  01            1854            989101480521 7 
110314 1257 00232  501  25                    01828                    1826 9 
110314 1257 00003           501  01            1858                    1981 7 
110314 1257 00003  501  26                     1926                    1858 9 
110314 1304 00008  501  27                     4151                    1822 G 
110314 1305 00157           501  01            1826                   22242 7 
110314 1305 00028  501  27                     4151                    1822 9 
110314 1305 00002  501  28                    04345                    1822 G 
110314 1305 00005           501  02            1853            988313034157 7 
110314 1305 00016  501  28                    04345                    1822 9 
110314 1306 00045           501  01            1853            988313076986 7 
110314 1307 00030           501  02            1822                    1944 7 
110314 1307 00011           501  01            1822                   04345 7 
110314 1309 00010           501  01            1851                92937617 7 
110314 1309 00011  501  29                     1944                    1858 G 
110314 1310 00023  501  30                     1442                    1854 H 
110314 1310 00028           501  01            1427            989534677928 7 
110314 1315 00007  501  02                     4202                    1853 G 
110314 1318 00305  501  02                     4202                    1853 9 
110314 1320 01041  501  29                     1944                    1858 C 
110314 1320 00733           501  01            1858                   01570 C 
110314 1323 00045           501  01            1853            989103870137 7 
110314 1325 00008  501  03                    01570                    1858 G 
110314 1325 00008  501  03                    01570                    1858 9 
110314 1325 00002  501  04                    01570                    1858 G 
110314 1326 00005  501  05                    04345                    1822 G 
110314 1326 00018  501  05                    04345                    1822 9 
110314 1328 00211  501  04                    01570                    1858 9 
110314 1329 00002  501  06                    01944                    1822 G 
110314 1330 00052  501  06                    01944                    1822 9 
110314 1331 00002  501  08                    04345                    1822 G 
110314 1332 00034  501  08                    04345                    1822 9 
110314 1334 00614           501  01            1853            989103870137 7 
110314 1336 00039           501  01            1427            989202557961 7 
110314 1337 00001  501  09                     1828                    1822 G 
110314 1337 00039  501  09                     1828                    1822 9 
110314 1345 00016  501  10                                             1983 9 
110314 1346 00016  501  11                                             1983 9 
110314 1347 00112           501  01            1851                   04302 7 
110314 1349 00100           501  01            1850            989524442286 7 
110314 1350 00040           501  01            1851            989043922277 7 
110314 1352 00003  501  12                     1800                    1858 G 
110314 1353 00303           501  02            1835             89535528937 7 
110314 1353 00012           501  01            1826                    1811 7 
110314 1353 00133  501  12                     1800                    1858 9 
110314 1355 00030           501  03            1851            988332602376 7 
110314 1355 00044           501  02            1850            989128594606 7 
110314 1356 00238           501  01            1826                    1828 7 
110314 1357 00001  501  13                     4082                    1822 G 
110314 1357 00028           501  01            1851            989091314785 7 
110314 1358 00034  501  13                     4082                    1822 9 
110314 1359 00005           501  01            1858                   01426 7 
110314 1400 00002  501  14                    61426                    1858 G 
110314 1400 00139           501  02            1850            989128594606 7 
110314 1400 00127           501  03            1851            989617475877 7 
110314 1402 00002  501  15                     1925                    1850 G 
110314 1404 00427  501  14                    61426                    1858 9 
110314 1406 00004           501  03            1854            989190005790 7 
110314 1406 00103           501  01            1427            989202557961 7 
110314 1409 00718  501  15                     1925                    1850 9 
110314 1409 00043           501  01            1854            989190005790 7 
110314 1409 00004  501  16                     1837                    1818 G 
110314 1410 00004  501  17                     4522                    1424 G 
110314 1410 00005  501  18               8312728808                    1428 G 
110314 1410 00030  501  17                     4522                    1424 9 
110314 1411 00122           501  01            1851            989501778249 7 
110314 1412 00131  501  18               8312728808                    1428 9 
110314 1412 00017  501  19               3412412193                    1983 9 
110314 1412 00250  501  16                     1837                    1818 9 
110314 1413 00013  501  20                     1944                    1440 G 
110314 1416 00043           501  01            1822                    4171 7 
110314 1416 01028           501  02            1858            989527779811 7 
110314 1416 00000  501  21                     1015                    1855 I 
110314 1416 00013  501  22                     1015                    1850 G 
110314 1418 00705           501  03            1821                92725030 7 
110314 1418 00030  501  23                    04302                    1851 H 
110314 1418 00026  501  24                    04302                    1851 H 
110314 1418 00110           501  01            1851            989068182015 7 
110314 1419 00155           501  02            1850                    4233 C 
110314 1419 00248  501  22                     1015                    1850 C 
110314 1420 00651  501  20                     1944                    1440 9 
110314 1420 00016           501  01            1822                    4171 7 
110314 1420 00001  501  25                     4181                    1822 G 
110314 1420 00011  501  25                     4181                    1822 9 
110314 1421 00004  501  26                    04237                    1854 G 
110314 1421 00006  501  27                     1926                    1858 G 
110314 1422 00002  501  29                    04302                    1851 G 
110314 1422 00006  501  28               8314115374                    1441 G 
110314 1422 00021           501  01            1850            989128594606 7 
110314 1423 00052  501  29                    04302                    1851 9 
110314 1424 00003  501  30                     1852                    1818 G 
110314 1424 00252  501  26                    04237                    1854 9 
110314 1424 00245  501  27                     1926                    1858 9 
110314 1425 00225  501  28               8314115374                    1441 9 
110314 1425 00143  501  30                     1852                    1818 9 
110314 1425 00019           501  01            1431                    1610 7 
110314 1426 00002  501  03                     1926                    1858 9 
110314 1426 00001           501  01            1858                    1981 7 
110314 1426 00103           501  02            1858                    1226 7 
110314 1427 00038           501  01            1835             89616330032 7 
110314 1427 00000  501  04               8314611338                    1885 H 
110314 1431 00403           501  02            1858                    1926 7 
110314 1431 00013  501  05                     1991                    1428 G 
110314 1431 00002  501  06                     1828                    1826 G 
110314 1431 00018  501  05                     1991                    1428 9 
110314 1432 00017           501  01            1860                  013536 7 
110314 1432 00003  501  07                                             1822 G 
110314 1432 00009  501  07                                             1822 9 
110314 1433 00117  501  06                     1828                    1826 9 
110314 1436 00036           501  01            1821            988352220199 7 
110314 1436 00010           501  03            1851            989127449565 7 
110314 1436 00001  501  08                     1221                    1858 9 
110314 1436 00001           501  03            1858                    1981 7 
110314 1437 00002  501  09                     4141                    1822 G 
110314 1437 00005  501  09                     4141                    1822 9 
110314 1437 00135           501  02            1853            989093511790 7 
110314 1437 00009  501  10                     1255                    1428 G 
110314 1438 00005  501  11                     1944                    1822 G 
110314 1438 00114           501  01            1858                    1832 7 
110314 1438 00009  501  12                     1960                    1858 G 
110314 1438 00054           501  03            1851            989127591253 7 
110314 1439 00056  501  11                     1944                    1822 9 
110314 1440 00229  501  10                     1255                    1428 9 
110314 1440 00156           501  01            1824                    1123 7 
110314 1443 00335           501  02            1821                    1911 7 
110314 1445 00650  501  12                     1960                    1858 9 
110314 1446 00000  501  14               9107925806                    1855 I 
110314 1446 00025  501  13                    04237                    1854 H 
110314 1449 00058           501  01            1826            988316140506 7 
110314 1450 00016  501  15                     1964                    1428 H 
110314 1452 00017  501  16               9047860075                    1983 9 
110314 1454 00151           501  02            1851            989103968870 7 
110314 1457 00153           501  02            1821                  015573 7 
110314 1459 00002  501  17                     1810                    1818 G 
110314 1459 00818           501  01            1826            988316146778 7 
110314 1500 00014           501  01            1440                    1945 7 
110314 1500 00023  501  17                     1810                    1818 9 
110314 1500 00052           501  02            1441                    1958 7 
110314 1501 00016  501  18                     1525                    1822 H 
110314 1504 00017           501  01            1851            989103968870 7 
110314 1504 00023  501  19                    01834                    1822 H 
110314 1506 00019           501  01            1427            989202557961 7 
110314 1506 00006           501  02            1853                92444774 7 
110314 1507 00010  501  20                    01525                    1822 G 
110314 1507 00016  501  20                    01525                    1822 9 
110314 1507 00009           501  02            1822                   04344 7 
110314 1507 00049           501  01            1858                    1416 7 
110314 1508 00009  501  21                     1226                    1428 G 
110314 1508 00016  501  22               8312486069                    1983 9 
110314 1510 00124           501  01            1431                    1810 7 
110314 1511 00014  501  23                     1528                    1426 H 
110314 1511 00008  501  24                                             1822 G 
110314 1512 00010  501  24                                             1822 9 
110314 1513 00025  501  26                    61426                    1424 H 
110314 1513 00010  501  27                     1878                    1835 G 
110314 1513 00002  501  25                     1528                    1424 9 
110314 1513 00001           501  01            1424                    1981 7 
110314 1513 00001  501  28                     1923                    1424 G 
110314 1516 00012  501  29                                             1822 G 
110314 1516 00005  501  02                     1401                    1858 G 
110314 1516 00018  501  29                                             1822 9 
110314 1516 00313  501  27                     1878                    1835 9 
110314 1516 00241  501  28                     1923                    1424 9 
110314 1516 00002  501  30                     1528                    1424 9 
110314 1516 00002           501  04            1424                    1981 7 
110314 1517 00057  501  02                     1401                    1858 9 
110314 1517 00002           501  06            1426                    1981 7 
110314 1517 00002  501  04                     1528                    1426 9 
110314 1518 00200           501  03            1824                92767268 7 
110314 1518 00008  501  06                     1925                    1850 G 
110314 1519 00020  501  06                     1925                    1850 9 
110314 1519 00523           501  01            1851            989127449565 7 
110314 1519 00044           501  02            1427            989202557961 7 
110314 1519 00004  501  07                     4091                    1822 G 
110314 1519 00006  501  07                     4091                    1822 9 
110314 1521 00003  501  08                     1810                    1826 G 
110314 1521 00002  501  09                     4076                    1853 G 
110314 1522 00131  501  08                     1810                    1826 9 
110314 1523 00210  501  09                     4076                    1853 9 
110314 1524 00128           501  01            1826                    4041 7 
110314 1524 01611  501  21                     1226                    1428 9 
110314 1525 00019  501  10                     1015                    1853 G 
110314 1526 00906           501  05            1424                    1528 7 
110314 1526 00001           501  03            1858                    1310 7 
110314 1526 00002  501  11                     4525                    1856 G 
110314 1526 00024  501  11                     4525                    1856 9 
110314 1527 00052           501  04            1424                    1528 7 
110314 1527 00010  501  12                     1944                    1858 H 
110314 1527 00112           501  03            1858                    1310 7 
110314 1527 00145           501  02            1824                    1878 7 
110314 1528 00005  501  13                     1528                    1424 G 
110314 1528 00122           501  04            1853                    1298 7 
110314 1528 00236  501  10                     1015                    1853 9 
110314 1528 00002  501  14                     1944                    1853 G 
110314 1529 00048  501  14                     1944                    1853 9 
110314 1529 00102           501  02            1851            983412230300 7 
110314 1529 00056           501  04            1882            988352220199 7 
110314 1530 00512           501  01            1821                  015572 7 
110314 1530 00018           501  02            1851            989127449565 7 
110314 1530 00006  501  15                     1944                    1858 G 
110314 1531 00002  501  16                                             1822 G 
110314 1532 00010  501  17                     1924                    1428 G 
110314 1532 00156  501  15                     1944                    1858 9 
110314 1532 00046           501  02            1822                92338830 7 
110314 1532 00059  501  16                                             1822 9 
110314 1533 00006  501  18               8312469972                    1441 G 
110314 1533 00536  501  13                     1528                    1424 9 
110314 1534 00208  501  17                     1924                    1428 9 
110314 1534 00101           501  01            1858                    1991 7 
110314 1536 00019  501  19                     1015                    1853 G 
110314 1537 00028  501  19                     1015                    1853 9 
110314 1537 00001  501  20                     4151                    1822 G 
110314 1537 00006  501  20                     4151                    1822 9 
110314 1537 00042           501  01            1851            988313027238 7 
110314 1538 00008           501  02            1850                92333031 7 
110314 1540 00005  501  21               8312330011                    1440 H 
110314 1540 00046           501  01            1851            989308172252 7 
110314 1541 00821  501  18               8312469972                    1441 9 
110314 1542 00002           501  01            1858                    1981 7 
110314 1542 00003  501  22                     1925                    1858 9 
110314 1542 00028  501  23                     4076                    1853 G 
110314 1543 00004  501  24               8312469972                    1441 G 
110314 1543 00043  501  24               8312469972                    1441 9 
110314 1544 00000  501  25                     1015                    1855 I 
110314 1544 00002           501  03            1853                    1981 7 
110314 1544 00002  501  26                     1015                    1853 9 
110314 1546 00002           501  03            1424                    1981 7 
110314 1546 00003  501  27                     1521                    1424 9 
110314 1546 00349  501  23                     4076                    1853 9 
110314 1547 00002  501  28                     4525                    1856 G 
110314 1547 00030  501  29                    04302                    1851 H 
110314 1548 00008  501  30                     1923                    1424 G 
110314 1548 00139  501  28                     4525                    1856 9 
110314 1549 00041  501  30                     1923                    1424 9 
110314 1549 00030  501  03                    04302                    1851 H 
110314 1550 00004  501  04                     4041                    1826 G 
110314 1550 00006  501  04                     4041                    1826 9 
110314 1550 00012  501  06               8314115374                    1441 G 
110314 1550 00648           501  01            1851            989040466171 7 
110314 1550 00029  501  05                    04302                    1851 H 
110314 1550 00653           501  02            1821                  015572 7 
110314 1551 00028  501  06               8314115374                    1441 9 
110314 1552 00007  501  07                                             1983 9 
110314 1552 00004  501  08                    04302                    1851 G 
110314 1552 00028  501  08                    04302                    1851 9 
110314 1553 00023  501  10                     4202                    1850 H 
110314 1553 00002  501  11                     4192                    1822 G 
110314 1553 00007  501  12                     4202                    1853 G 
110314 1553 00023  501  11                     4192                    1822 9 
110314 1553 00004  501  13                     1521                    1424 G 
110314 1554 00051  501  13                     1521                    1424 9 
110314 1555 00158  501  12                     4202                    1853 9 
110314 1556 00004           501  02            1441                92330010 7 
110314 1557 00150           501  01            1826                    1810 7 
110314 1557 00048           501  02            1822                    4072 7 
110314 1557 00011           501  04            1441                94115374 7 
110314 1558 00006  501  14                     1443                    1822 G 
110314 1558 00023           501  01            1441                94115374 7 
110314 1558 00036  501  14                     1443                    1822 9 
110314 1559 00003  501  16                     1828                    1826 G 
110314 1559 00002  501  15                     1944                    1858 9 
110314 1559 00002           501  02            1858                    1981 7 
110314 1559 00057           501  01            1851            989871101372 7 
110314 1600 00105  501  16                     1828                    1826 9 
110314 1600 00025           501  01            1441                92330010 7 
110314 1600 00011           501  01            1441                92330010 7 
110314 1600 00413           501  03            1821                  015572 7 
110314 1601 00002  501  17                     4201                    1822 G 
110314 1601 00019  501  17                     4201                    1822 9 
110314 1601 00006  501  18                     1944                    1858 G 
110314 1602 00013  501  18                     1944                    1858 9 
110314 1603 00013  501  19                     1944                    1858 G 
110314 1603 00012  501  19                     1944                    1858 9 
