170314 0021 00002  501  24                                             1822 G 
170314 0022 00048           501  01            1822                92338830 7 
170314 0022 00059  501  24                                             1822 9 
170314 0059 00002  501  25                                             1822 G 
170314 0101 00221  501  25                                             1822 9 
170314 0106 00006  501  26                                             1822 G 
170314 0108 00134  501  26                                             1822 9 
170314 0111 00004  501  27                                             1822 G 
170314 0112 00053  501  27                                             1822 9 
170314 0116 00131           501  01            1822                   01818 7 
170314 0119 00106           501  01            1822              5003622143 7 
170314 0123 00353           501  01            1822                   01818 7 
170314 0125 00110           501  01            1822                   01828 7 
170314 0128 00142           501  01            1822                   24060 7 
170314 0133 00001  501  28                    04201                    1822 G 
170314 0134 00109  501  28                    04201                    1822 9 
170314 0542 00010  501  29                                             1822 G 
170314 0542 00011  501  29                                             1822 9 
170314 0545 00034           501  01            1821                  014550 7 
170314 0609 00202           501  01            1821            988437159592 7 
170314 0709 00021           501  01            1822                   24060 7 
170314 0710 00031           501  01            1822                   04201 7 
170314 0710 00012           501  01            1822                   24060 7 
170314 0729 00002  501  30                     4191                    1822 G 
170314 0730 00028  501  30                     4191                    1822 9 
170314 0737 00002  501  01                     4201                    1822 G 
170314 0738 00036  501  01                     4201                    1822 9 
170314 0740 00002  501  02                     4091                    1822 G 
170314 0741 00005  501  03                     4201                    1822 G 
170314 0742 00034  501  03                     4201                    1822 9 
170314 0744 00332  501  02                     4091                    1822 9 
170314 0746 00002  501  04                     4201                    1822 G 
170314 0747 00054  501  04                     4201                    1822 9 
170314 0749 00001  501  05                     4091                    1822 G 
170314 0749 00018  501  05                     4091                    1822 9 
170314 0811 00014  501  06                     1844                    1822 G 
170314 0811 00002  501  06                     1844                    1822 9 
170314 0813 00022  501  07                     4302                    1858 H 
170314 0832 00052           501  01            1826                    4051 7 
170314 0832 00024           501  01            1826                    4041 7 
170314 0833 00016  501  08               9506147841                    1983 9 
170314 0834 00016  501  09               3412787904                    1983 9 
170314 0839 00003  501  10                    01858                    1826 G 
170314 0840 00110  501  10                    01858                    1826 9 
170314 0842 00002  501  11                     4111                    1822 G 
170314 0842 00013  501  11                     4111                    1822 9 
170314 0842 00003           501  01            1853                    1981 7 
170314 0842 00003  501  12                     1967                    1853 9 
170314 0844 00005  501  14                     4151                    1822 G 
170314 0844 00029  501  13                     1967                    1853 H 
170314 0844 00021  501  14                     4151                    1822 9 
170314 0845 00020  501  15                     1967                    1858 H 
170314 0855 00020  501  16                     1967                    1853 H 
170314 0856 00001  501  17                     1967                    1850 G 
170314 0858 00153  501  17                     1967                    1850 9 
170314 0900 00305           501  01            1427            989202557961 7 
170314 0907 00003  501  18                     4181                    1835 G 
170314 0907 00003           501  01            1858                    1981 7 
170314 0907 00053  501  18                     4181                    1835 9 
170314 0909 00001  501  19               8312339008                    1441 H 
170314 0909 00007  501  21                   011032                    1850 G 
170314 0909 00017  501  20               8312339008                    1440 G 
170314 0909 00004  501  22                    04344                    1822 G 
170314 0910 00009  501  22                    04344                    1822 9 
170314 0910 00041  501  20               8312339008                    1440 9 
170314 0911 00023  501  23                     1967                    1850 H 
170314 0912 00228  501  21                   011032                    1850 9 
170314 0913 00002  501  25                     1828                    1822 G 
170314 0913 00024  501  24                   011024                    1850 G 
170314 0914 00000  501  27                                             1822 I 
170314 0914 00051  501  25                     1828                    1822 9 
170314 0914 00005  501  26                     4333                    1822 G 
170314 0915 00025  501  26                     4333                    1822 9 
170314 0915 00143  501  24                   011024                    1850 9 
170314 0916 00003  501  28                                             1822 G 
170314 0917 00024  501  29                     4041                    1822 H 
170314 0917 00052  501  28                                             1822 9 
170314 0917 00009  501  01                     4091                    1822 G 
170314 0918 00022  501  30                     1967                    1850 G 
170314 0918 00014  501  01                     4091                    1822 9 
170314 0918 00007  501  02                     4041                    1822 G 
170314 0918 00012  501  02                     4041                    1822 9 
170314 0918 00042  501  30                     1967                    1850 9 
170314 0919 00002           501  02            1858                    1981 7 
170314 0919 00003  501  03                     1828                    1858 9 
170314 0919 00015  501  04                     1837                    1822 H 
170314 0919 00014  501  05                     1800                    1858 H 
170314 0920 00000  501  06                     1015                    1855 I 
170314 0920 00008  501  07                     1840                    1824 G 
170314 0921 00146           501  01            1850            989082324551 7 
170314 0921 00003           501  01            1850                    1981 7 
170314 0921 00003  501  08                     1015                    1850 9 
170314 0921 00023  501  09                                             1822 G 
170314 0921 00013  501  09                                             1822 9 
170314 0924 00109           501  01            1822                    1828 7 
170314 0924 00033  501  10                   011036                    1850 H 
170314 0925 00003  501  11                     4076                    1858 9 
170314 0925 00002           501  01            1858                    1981 7 
170314 0925 00003  501  12                   011036                    1853 9 
170314 0925 00003           501  01            1853                    1981 7 
170314 0925 00134           501  02            1821                    1442 7 
170314 0926 00003           501  01            1853                    1981 7 
170314 0926 00003  501  13                     4076                    1853 9 
170314 0926 00000  501  14                     4076                    1855 I 
170314 0927 00003           501  01            1858                    1981 7 
170314 0927 00001  501  15                     1810                    1818 G 
170314 0927 00002  501  16                    01858                    1850 G 
170314 0928 00046  501  15                     1810                    1818 9 
170314 0928 00011  501  17                     1443                    1437 H 
170314 0928 00025  501  18                                             1822 G 
170314 0928 00000  501  21                   011013                    1855 I 
170314 0928 00003           501  01            1858                    1981 7 
170314 0928 00003  501  19                     4076                    1858 9 
170314 0928 00013  501  18                                             1822 9 
170314 0928 00002           501  01            1858                    1981 7 
170314 0928 00003  501  20                     1548                    1858 9 
170314 0928 00000  501  22                     4076                    1855 I 
170314 0929 00135  501  16                    01858                    1850 9 
170314 0929 00045  501  23                     4076                    1850 H 
170314 0930 00015           501  02            1425                   01570 7 
170314 0930 00002           501  01            1853                    1981 7 
170314 0930 00002  501  24                     4076                    1853 9 
170314 0930 00012  501  25                     1837                    1822 G 
170314 0931 00020  501  26                     4076                    1850 G 
170314 0931 00049  501  26                     4076                    1850 9 
170314 0932 00117           501  01            1835                   21113 7 
170314 0932 00003           501  02            1858                    1981 7 
170314 0932 00003  501  27                     1926                    1858 9 
170314 0932 00148  501  25                     1837                    1822 9 
170314 0934 00117           501  01            1854                   04237 7 
170314 0935 00002  501  29                   114544                    1860 G 
170314 0936 00129  501  28                     1015                    1850 H 
170314 0936 00037           501  01            1822                    4071 7 
170314 0936 00019           501  03            1425                    1912 7 
170314 0936 00002  501  30                     1911                    1425 G 
170314 0936 00029  501  30                     1911                    1425 9 
170314 0938 00016  501  04               3439492224                    1983 9 
170314 0938 00044  501  03                   011024                    1850 H 
170314 0938 00056           501  01            1425             89101019605 7 
170314 0938 00002  501  05                     1926                    1858 9 
170314 0938 00002           501  01            1858                    1981 7 
170314 0938 00246           501  02            1835                    1832 7 
170314 0941 00551  501  29                   114544                    1860 9 
170314 0941 00004  501  06                     1967                    1850 G 
170314 0942 00053  501  06                     1967                    1850 9 
170314 0943 00004  501  08                    04237                    1854 G 
170314 0943 00002  501  10                    01827                    1822 G 
170314 0943 00014  501  10                    01827                    1822 9 
170314 0944 00054  501  08                    04237                    1854 9 
170314 0944 00054  501  09                     1015                    1850 G 
170314 0944 00000  501  11                     1935                    1855 I 
170314 0945 00053  501  09                     1015                    1850 9 
170314 0945 00030  501  12                     1935                    1850 H 
170314 0945 00001  501  13                     1935                    1850 H 
170314 0946 00002  501  14                     1935                    1858 9 
170314 0946 00002           501  02            1858                    1981 7 
170314 0946 00007  501  16                     1935                    1850 G 
170314 0946 00017  501  15               8312330000                    1983 9 
170314 0946 00025  501  17                     1416                    1426 H 
170314 0947 00050  501  16                     1935                    1850 9 
170314 0947 00017  501  19                     1944                    1858 H 
170314 0947 00030  501  18                    01570                    1426 H 
170314 0948 00004  501  21               9875483850                    1424 G 
170314 0948 00017  501  20                     1811                    1826 G 
170314 0949 02859  501  07                     1840                    1824 9 
170314 0950 00502           501  01            1427            989202557961 7 
170314 0950 00139  501  20                     1811                    1826 9 
170314 0950 00228  501  21               9875483850                    1424 9 
170314 0952 00002  501  23                                             1822 G 
170314 0953 00042  501  23                                             1822 9 
170314 0953 00020  501  24                    01570                    1426 H 
170314 0954 00000  501  25                     1015                    1855 I 
170314 0954 00322  501  22                     1015                    1850 H 
170314 0954 00002           501  01            1853                    1981 7 
170314 0954 00002  501  26                     1015                    1853 9 
170314 0955 00002  501  27                     4111                    1822 G 
170314 0955 00009  501  27                     4111                    1822 9 
170314 0956 00021           501  01            1827                92795340 7 
170314 0956 00002  501  28                     1828                    1822 G 
170314 0957 00013  501  29                     1015                    1858 H 
170314 0957 00052  501  28                     1828                    1822 9 
170314 0958 00017  501  01                     1926                    1858 H 
170314 0958 00000  501  02                   011013                    1855 I 
170314 0958 00131  501  30                     1015                    1850 G 
170314 0958 00002  501  03                     1828                    1822 G 
170314 1000 00000  501  04                   011013                    1855 I 
170314 1000 00132  501  03                     1828                    1822 9 
170314 1001 00004  501  05                     1837                    1822 G 
170314 1001 00006  501  05                     1837                    1822 9 
170314 1001 00259  501  30                     1015                    1850 9 
170314 1002 00018           501  01            1822                    4071 7 
170314 1002 00006  501  06                     4091                    1822 G 
170314 1002 00014  501  06                     4091                    1822 9 
170314 1004 00028           501  01            1818                94198869 7 
170314 1004 00008  501  07                     1721                    1826 H 
170314 1005 00002  501  08                     1828                    1858 9 
170314 1005 00002           501  02            1858                    1981 7 
170314 1005 00015  501  10                     1721                    1826 H 
170314 1006 00105  501  09                   011013                    1850 H 
170314 1006 00001  501  11                    01570                    1425 G 
170314 1006 00005  501  12                     1878                    1824 G 
170314 1006 00018  501  11                    01570                    1425 9 
170314 1006 00015  501  13                     4072                    1822 G 
170314 1007 00037  501  13                     4072                    1822 9 
170314 1007 00018           501  02            1424                92729776 7 
170314 1008 00126  501  12                     1878                    1824 9 
170314 1008 00410           501  01            1818                94118314 7 
170314 1009 00028           501  01            1818                    1823 7 
170314 1009 00001  501  14                     1810                    1818 G 
170314 1009 00012  501  14                     1810                    1818 9 
170314 1010 00034           501  01            1835                    1878 7 
170314 1011 00002  501  15                    01858                    1821 G 
170314 1012 00002  501  16                     4121                    1835 G 
170314 1012 00002  501  17                     1810                    1818 G 
170314 1012 00021  501  16                     4121                    1835 9 
170314 1013 00300           501  02            1882                   01570 7 
170314 1013 00001  501  18                    01570                    1882 G 
170314 1014 00050  501  18                    01570                    1882 9 
170314 1014 00140  501  17                     1810                    1818 9 
170314 1014 00321  501  15                    01858                    1821 9 
170314 1015 00020  501  19                   011012                    1853 H 
170314 1015 00001  501  21                    01570                    1882 G 
170314 1015 00000  501  22               8312829089                    1855 I 
170314 1015 00030  501  20                   011012                    1850 H 
170314 1016 00002  501  23                   011012                    1822 G 
170314 1017 00130  501  21                    01570                    1882 9 
170314 1017 00115  501  23                   011012                    1822 9 
170314 1018 00002  501  24                    01570                    1882 G 
170314 1018 00011  501  25                   011023                    1850 G 
170314 1018 00037  501  24                    01570                    1882 9 
170314 1019 00000  501  26                   011035                    1855 I 
170314 1019 00000  501  27                   011035                    1855 I 
170314 1019 00007           501  01            1424                    1923 7 
170314 1019 00000  501  28                   011035                    1855 I 
170314 1019 00001  501  29                    01570                    1882 G 
170314 1020 00211  501  25                   011023                    1850 9 
170314 1020 00045  501  29                    01570                    1882 9 
170314 1020 00012           501  01            1824                    1837 7 
170314 1021 00002  501  30                     1837                    1824 G 
170314 1021 00017  501  01               9040559424                    1858 H 
170314 1022 00049  501  30                     1837                    1824 9 
170314 1022 00003  501  02                     1837                    1835 G 
170314 1022 00008  501  03               9040559424                    1850 G 
170314 1022 00035  501  03               9040559424                    1850 9 
170314 1023 00120  501  02                     1837                    1835 9 
170314 1023 00048           501  01            1826                    4101 7 
170314 1023 00002  501  04                     1837                    1824 G 
170314 1023 00007  501  04                     1837                    1824 9 
170314 1023 00000  501  05                   011030                    1855 I 
170314 1024 00025           501  03            1850                   01858 7 
170314 1024 00000           501  01            1424                92729776 7 
170314 1024 00003  501  06                    01570                    1882 G 
170314 1024 00000  501  07                   011030                    1855 I 
170314 1024 00001           501  01            1424                92729776 7 
170314 1024 00029  501  06                    01570                    1882 9 
170314 1025 00008           501  02            1882                   01570 7 
170314 1026 00104           501  01            1822                    1976 7 
170314 1026 00021           501  03            1826                    1828 7 
170314 1029 00003           501  02            1881                    1125 7 
170314 1029 00158  501  08                     1015                    1850 H 
170314 1029 00002  501  09                     4221                    1822 G 
170314 1030 00043  501  09                     4221                    1822 9 
170314 1030 00002           501  02            1858                    1981 7 
170314 1031 00425           501  01            1826                    1421 7 
170314 1031 00055  501  10                     1015                    1850 H 
170314 1031 00003  501  11                     1944                    1822 G 
170314 1032 00021  501  11                     1944                    1822 9 
170314 1032 00003  501  12                                             1822 H 
170314 1032 00002  501  13                                             1822 G 
170314 1033 00000  501  14                   011032                    1855 I 
170314 1033 00105           501  01            1424                92729776 7 
170314 1034 00000  501  15                   011030                    1855 I 
170314 1034 00013           501  03            1818                    1421 7 
170314 1034 00003           501  01            1822                    1828 7 
170314 1034 00159  501  13                                             1822 9 
170314 1035 00000  501  16                     1926                    1855 I 
170314 1035 00154           501  02            1850                92481207 7 
170314 1035 00002  501  17                     1926                    1822 G 
170314 1035 00029  501  17                     1926                    1822 9 
170314 1036 00002  501  18                                             1822 G 
170314 1037 00003           501  01            1822                    1811 7 
170314 1037 00006           501  02            1822                   01826 7 
170314 1038 00002  501  19                     1421                    1818 G 
170314 1039 00007  501  20                    01827                    1822 G 
170314 1039 00101  501  19                     1421                    1818 9 
170314 1040 00001  501  21                     1421                    1818 G 
170314 1040 00017           501  02            1835                    1828 7 
170314 1041 00119  501  20                    01827                    1822 9 
170314 1041 00100  501  21                     1421                    1818 9 
170314 1041 00022           501  02            1835                   01828 7 
170314 1041 00015           501  02            1835                   23939 7 
170314 1042 00020  501  22                   011018                    1850 G 
170314 1042 00013  501  23                     4061                    1819 H 
170314 1042 00000  501  25                     1015                    1855 I 
170314 1042 00017  501  24                     4061                    1835 H 
170314 1042 00022           501  02            1835                   22756 7 
170314 1042 00003           501  02            1853                    1981 7 
170314 1042 00003  501  26                     1015                    1853 9 
170314 1043 00002  501  27                    01828                    1822 G 
170314 1043 00010  501  27                    01828                    1822 9 
170314 1043 00016  501  28               8352305100                    1983 9 
170314 1044 00007  501  29                     1829                    1821 G 
170314 1045 00057  501  29                     1829                    1821 9 
170314 1045 00002  501  30                     1837                    1822 G 
170314 1045 00030  501  02                    04237                    1426 H 
170314 1045 00000  501  03               9200024353                    1855 I 
170314 1046 00111  501  30                     1837                    1822 9 
170314 1046 00000  501  04                     1015                    1855 I 
170314 1047 00512  501  22                   011018                    1850 9 
170314 1047 00754           501  01            1826                    1810 7 
170314 1047 00002           501  01            1850                    1981 7 
170314 1047 00002  501  05                     1015                    1850 9 
170314 1048 00044  501  06               9200024353                    1850 H 
170314 1048 00004  501  07               8316150123                    1850 G 
170314 1049 00000  501  08               9200024353                    1855 I 
170314 1049 00000  501  09               9200024353                    1855 I 
170314 1049 00000  501  12                     1015                    1855 I 
170314 1049 00004  501  11                     4061                    1835 G 
170314 1049 00013  501  10                     1800                    1858 H 
170314 1049 00000  501  14               9200024353                    1855 I 
170314 1049 00001  501  15                     1800                    1412 H 
170314 1049 00019  501  11                     4061                    1835 9 
170314 1050 00015  501  16                     1800                    1426 H 
170314 1050 00002  501  17                                             1822 G 
170314 1050 00003           501  01            1853                    1981 7 
170314 1050 00003  501  13                     1015                    1853 9 
170314 1050 00000  501  18               9200024353                    1855 I 
170314 1050 00002           501  01            1822                    1828 7 
170314 1050 00000  501  19               9200024353                    1855 I 
170314 1051 00002  501  20               9202526070                    1983 9 
170314 1052 00000  501  21               9200024353                    1855 I 
170314 1052 00157           501  02            1822                   01828 7 
170314 1052 00245  501  17                                             1822 9 
170314 1053 00002  501  22                                             1822 G 
170314 1053 00427  501  07               8316150123                    1850 9 
170314 1053 00030  501  23                    04301                    1858 H 
170314 1054 00003           501  02            1822                    1981 7 
170314 1054 00003  501  24                                             1822 9 
170314 1054 00000  501  25               9082384454                    1855 I 
170314 1055 00218  501  22                                             1822 9 
170314 1055 00000  501  26               9082384454                    1855 I 
170314 1056 00009  501  27               9082384454                    1850 G 
170314 1057 00001  501  28                     1911                    1425 G 
170314 1057 00012  501  29                     1015                    1858 H 
170314 1057 00000  501  01                     1015                    1855 I 
170314 1057 00008  501  30                     1922                    1856 H 
170314 1058 00013  501  02                     1922                    1858 H 
170314 1058 00003           501  01            1850                    1981 7 
170314 1058 00003  501  03                     1015                    1850 9 
170314 1058 00218  501  27               9082384454                    1850 9 
170314 1059 00141  501  28                     1911                    1425 9 
170314 1059 00017  501  04               9524719175                    1983 9 
170314 1100 00021  501  05                    04221                    1821 G 
170314 1100 00028  501  06                     1935                    1850 G 
170314 1101 00000  501  08                                             1822 I 
170314 1101 00053  501  05                    04221                    1821 9 
170314 1101 00030  501  07                    01827                    1822 H 
170314 1102 00003           501  02            1822                    1981 7 
170314 1102 00003  501  09                                             1822 9 
170314 1102 00233           501  01            1822                   24060 7 
170314 1102 00133  501  06                     1935                    1850 9 
170314 1103 00002  501  10                                             1822 G 
170314 1104 00023  501  11                     1810                    1426 H 
170314 1104 00002           501  02            1822                    1981 7 
170314 1104 00002  501  12                                             1822 9 
170314 1104 00136  501  10                                             1822 9 
170314 1104 00017           501  01            1818                    1436 7 
170314 1105 00022  501  13                     1810                    1835 H 
170314 1106 00002  501  14                    01858                    1850 G 
170314 1109 00000  501  15                     1015                    1855 I 
170314 1109 00006  501  17                     4091                    1821 G 
170314 1109 00002           501  02            1853                    1981 7 
170314 1109 00003  501  16                     1015                    1853 9 
170314 1109 00000  501  18                     1015                    1855 I 
170314 1110 00001  501  20                     1436                    1818 H 
170314 1110 00018           501  03            1827                    1840 7 
170314 1110 00003           501  02            1850                    1981 7 
170314 1110 00003  501  19                     1015                    1850 9 
170314 1111 00122           501  01            1835                   23939 7 
170314 1111 00140  501  17                     4091                    1821 9 
170314 1114 00719  501  14                    01858                    1850 9 
170314 1114 00013  501  21                     4121                    1835 G 
170314 1116 00030  501  22                    01570                    1850 H 
170314 1116 00112           501  01            1850            989082324551 7 
170314 1117 00003  501  24                                             1822 G 
170314 1118 00016  501  24                                             1822 9 
170314 1118 00051  501  23                   011018                    1850 H 
170314 1118 00010  501  25                    01570                    1850 G 
170314 1118 00000  501  27                   011043                    1855 I 
170314 1118 00003  501  26                   011018                    1853 9 
170314 1118 00002           501  01            1853                    1981 7 
170314 1118 00000  501  28                   011043                    1855 I 
170314 1119 00413  501  21                     4121                    1835 9 
170314 1119 00000  501  29                   011018                    1855 I 
170314 1119 00000  501  30                   011043                    1855 I 
170314 1119 00039  501  25                    01570                    1850 9 
170314 1119 00004  501  01                     1840                    1824 G 
170314 1119 00002  501  02                   011018                    1853 9 
170314 1119 00002           501  07            1853                    1981 7 
170314 1119 00000  501  07                   011018                    1855 I 
170314 1120 00021  501  08                   011018                    1853 H 
170314 1120 00046           501  05            1427            989202557961 7 
170314 1120 00107  501  03                   011043                    1850 H 
170314 1120 00041           501  06            1822                   24060 7 
170314 1120 00000  501  10                   011018                    1855 I 
170314 1120 00008           501  02            1822                    4320 7 
170314 1120 00014  501  11                                             1822 G 
170314 1121 00002  501  12                   011018                    1853 9 
170314 1121 00002           501  02            1853                    1981 7 
170314 1121 00000  501  14                   011018                    1855 I 
170314 1121 00006  501  13               9875483850                    1424 G 
170314 1121 00027  501  11                                             1822 9 
170314 1121 00016  501  15                   011018                    1853 H 
170314 1121 00127  501  09                   011043                    1850 H 
170314 1122 00328           501  04            1835                   23939 7 
170314 1122 00138  501  13               9875483850                    1424 9 
170314 1123 00205           501  02            1860            988432792011 7 
170314 1124 00017  501  17               9081621429                    1983 9 
170314 1124 00000  501  18                     1935                    1855 I 
170314 1124 00229  501  16                   011018                    1850 H 
170314 1125 00016  501  19               9081621429                    1983 9 
170314 1125 00002  501  20                     4121                    1835 G 
170314 1126 00033  501  20                     4121                    1835 9 
170314 1126 00018  501  21                     4161                    1835 G 
170314 1126 00025  501  21                     4161                    1835 9 
170314 1127 00258           501  02            1860                    4151 7 
170314 1127 00100  501  22                   011018                    1850 H 
170314 1127 00003  501  24               8312725025                    1983 9 
170314 1127 00024  501  23                   011018                    1853 H 
170314 1127 00015  501  25               8312725025                    1440 G 
170314 1128 00148           501  03            1835             89103828956 7 
170314 1128 00012  501  26                     4211                    1835 G 
170314 1129 00029  501  26                     4211                    1835 9 
170314 1129 00124  501  25               8312725025                    1440 9 
170314 1129 00034  501  27                   011018                    1850 H 
170314 1129 00029  501  28                   011018                    1853 H 
170314 1130 00029  501  29                    04237                    1426 H 
170314 1131 00057           501  02            1425                   01858 7 
170314 1132 01304  501  01                     1840                    1824 9 
170314 1133 00054  501  30                     1935                    1850 H 
170314 1133 00046           501  01            1835             89087407307 7 
170314 1133 00026  501  02                     1935                    1850 H 
170314 1135 00009  501  03                     1920                    1441 G 
170314 1135 00013           501  01            1835             89087407307 7 
170314 1138 00209           501  01            1835                94366353 7 
170314 1138 00249  501  03                     1920                    1441 9 
170314 1139 00045           501  01            1835             89087407307 7 
170314 1139 00007  501  04                     4181                    1835 H 
170314 1140 00017           501  01            1835             89087407307 7 
170314 1141 00001  501  05                     4181                    1835 G 
170314 1141 00016  501  06               8313662991                    1983 9 
170314 1141 00003  501  07                     1213                    1428 9 
170314 1141 00003           501  01            1428                    1981 7 
170314 1141 00044  501  05                     4181                    1835 9 
170314 1142 00003  501  08                    04302                    1441 G 
170314 1143 00033  501  08                    04302                    1441 9 
170314 1143 00006  501  10                     4221                    1822 G 
170314 1143 00002           501  02            1853                    1981 7 
170314 1143 00003  501  09                     4076                    1853 9 
170314 1143 00025  501  10                     4221                    1822 9 
170314 1143 00023  501  11                   011043                    1850 G 
170314 1144 00000  501  12                     4076                    1855 I 
170314 1144 00035           501  01            1835             89087407307 7 
170314 1145 00002           501  02            1853                    1981 7 
170314 1145 00002  501  13                     4076                    1853 9 
170314 1145 00001  501  14                     4101                    1822 G 
170314 1146 00009  501  14                     4101                    1822 9 
170314 1146 00118           501  01            1835                94366353 7 
170314 1146 00138           501  03            1427            989202557961 7 
170314 1147 00033           501  02            1427            989202557961 7 
170314 1148 00158           501  01            1835             89087407307 7 
170314 1149 00000  501  15                   011013                    1855 I 
170314 1149 00032           501  01            1835             89087407307 7 
170314 1149 00612  501  11                   011043                    1850 9 
170314 1150 00015           501  02            1827                92727272 7 
170314 1151 00131           501  01            1835                    1454 7 
170314 1152 00006           501  02            1835             89535528937 7 
170314 1152 00037  501  16                   011024                    1850 H 
170314 1154 00000  501  17                   011013                    1855 I 
170314 1154 00137           501  01            1826                    1547 7 
170314 1154 00002           501  03            1856                    1981 7 
170314 1155 00027           501  01            1822                    1610 7 
170314 1156 00002           501  01            1858                    1981 7 
170314 1156 00002  501  18                     1271                    1858 9 
170314 1156 00405           501  02            1821                    1438 7 
170314 1157 00024  501  19                   011010                    1850 H 
170314 1157 00003  501  20               9100573548                    1850 9 
170314 1158 00000  501  21                   011010                    1855 I 
170314 1158 00000  501  22               9100573548                    1855 I 
170314 1158 00000  501  23                   011010                    1855 I 
170314 1158 00000  501  24                   011010                    1855 I 
170314 1158 00029           501  02            1850                    4076 7 
170314 1158 00001  501  25                     1551                    1425 G 
170314 1158 00000  501  28                   011010                    1855 I 
170314 1159 00002           501  02            1853                    1981 7 
170314 1159 00003  501  27                     4076                    1853 9 
170314 1159 00044  501  26               9100573548                    1850 H 
170314 1159 00002  501  29                     1828                    1826 G 
170314 1200 00002  501  02                     4181                    1835 G 
170314 1200 00145  501  25                     1551                    1425 9 
170314 1200 00030  501  02                     4181                    1835 9 
170314 1201 00134  501  29                     1828                    1826 9 
170314 1201 00157  501  30                   011010                    1850 H 
170314 1202 00002  501  03                    01827                    1822 G 
170314 1202 00016  501  04                    04301                    1441 G 
170314 1202 00001  501  04                    04301                    1441 9 
170314 1202 00030  501  03                    01827                    1822 9 
170314 1202 00005  501  05                    04301                    1440 G 
170314 1203 00004  501  06                                             1822 G 
170314 1203 00738           501  01            1427            989202557961 7 
170314 1204 00004  501  07                     1828                    1826 G 
170314 1204 00038  501  07                     1828                    1826 9 
170314 1205 00154           501  02            1822                    1438 7 
170314 1205 00221  501  06                                             1822 9 
170314 1206 00033  501  08                   011032                    1850 H 
170314 1208 00000  501  10                   011043                    1855 I 
170314 1208 00000  501  11                   011043                    1855 I 
170314 1208 00555  501  05                    04301                    1440 9 
170314 1209 00000  501  12                   011043                    1855 I 
170314 1209 00000  501  13                   011043                    1855 I 
170314 1209 00000  501  14                   011043                    1855 I 
170314 1209 00000  501  15                   011043                    1855 I 
170314 1209 00121  501  09                   011013                    1850 H 
170314 1210 00029  501  16                   011043                    1850 H 
170314 1210 00002  501  17                   011043                    1850 G 
170314 1210 00002  501  18                   051133                    1860 G 
170314 1210 00133           501  01            1835             89535528937 7 
170314 1211 00004  501  19                     1213                    1428 G 
170314 1211 00003  501  20                     1920                    1441 G 
170314 1211 00002  501  21                     1225                    1858 H 
170314 1211 00049           501  01            1835             89087407307 7 
170314 1211 00017  501  20                     1920                    1441 9 
170314 1211 00021  501  19                     1213                    1428 9 
170314 1211 00144  501  17                   011043                    1850 9 
170314 1212 00003           501  01            1858                    1981 7 
170314 1212 00003  501  22                     1225                    1858 9 
170314 1213 00314  501  18                   051133                    1860 9 
170314 1215 00000  501  24                   011032                    1855 I 
170314 1215 00008  501  25                     4181                    1835 G 
170314 1216 00014  501  25                     4181                    1835 9 
170314 1217 00122  501  23                   011010                    1850 H 
170314 1218 00003           501  01            1881                    1125 7 
170314 1219 00000  501  27               9049551239                    1983 9 
170314 1219 00016  501  26                   011010                    1850 G 
170314 1220 00004  501  28                    04237                    1854 G 
170314 1221 00019  501  28                    04237                    1854 9 
170314 1222 00021  501  29                     1967                    1850 H 
170314 1223 00006  501  30                    01827                    1822 G 
170314 1224 00012  501  30                    01827                    1822 9 
170314 1226 00002  501  01                                             1822 G 
170314 1226 00011  501  01                                             1822 9 
170314 1227 00743  501  26                   011010                    1850 9 
170314 1228 00030  501  02                    04302                    1851 H 
170314 1228 00005  501  03                                             1822 G 
170314 1229 00030  501  04                    04302                    1853 H 
170314 1229 00002  501  05                     1828                    1826 G 
170314 1230 00037           501  02            1850                94232823 7 
170314 1230 00115  501  05                     1828                    1826 9 
170314 1231 00030  501  06                    04302                    1853 H 
170314 1231 00258  501  03                                             1822 9 
170314 1231 00245           501  01            1821                   01858 7 
170314 1232 00030  501  07                    04302                    1851 H 
170314 1233 00002  501  08                                             1822 G 
170314 1233 00021  501  08                                             1822 9 
170314 1233 00017  501  09               9030406556                    1983 9 
170314 1233 00004  501  10                                             1822 G 
170314 1234 00011  501  11                     1926                    1822 H 
170314 1236 00023  501  12                     4076                    1850 G 
170314 1236 00026  501  13                    04302                    1851 H 
170314 1237 00311  501  10                                             1822 9 
170314 1237 00015           501  01            1835             89087407307 7 
170314 1238 00025           501  01            1835                    1810 7 
170314 1239 00029  501  14                    04302                    1851 H 
170314 1240 00027  501  15                    04302                    1853 H 
170314 1240 00000  501  16                    04302                    1853 H 
170314 1240 00408  501  12                     4076                    1850 9 
170314 1240 00005  501  17                     1923                    1429 G 
170314 1241 00030  501  17                     1923                    1429 9 
170314 1242 00057           501  01            1850                    4076 7 
170314 1242 00030  501  18                    04301                    1851 H 
170314 1243 00030  501  19                    04302                    1853 H 
170314 1244 00002           501  01            1858                    1981 7 
170314 1244 00002  501  20                     1925                    1858 9 
170314 1244 00030  501  21                    04302                    1851 H 
170314 1245 00030  501  22                    04302                    1853 H 
170314 1246 00001  501  24                   011064                    1821 G 
170314 1247 00120  501  23                   011013                    1850 H 
170314 1247 00045  501  24                   011064                    1821 9 
170314 1248 00008  501  25                     1923                    1424 G 
170314 1251 00002  501  26                     1828                    1826 G 
170314 1251 00316  501  25                     1923                    1424 9 
170314 1252 00003  501  27                   011064                    1821 G 
170314 1252 00131  501  26                     1828                    1826 9 
170314 1253 00047  501  27                   011064                    1821 9 
170314 1253 00002  501  28                     1828                    1822 G 
170314 1254 00026  501  29                     4081                    1822 H 
170314 1254 00050  501  28                     1828                    1822 9 
170314 1254 00030  501  30                    04302                    1853 H 
170314 1255 00030           501  03            1822                    4081 7 
170314 1255 00029  501  04                    04302                    1851 H 
170314 1255 01032           501  01            1835             89043932432 7 
170314 1256 00024           501  03            1835                92463589 7 
170314 1257 00404           501  02            1860                  114544 7 
170314 1259 00030  501  05                    04302                    1851 H 
170314 1259 00030  501  06                    04302                    1853 H 
170314 1301 00030  501  07                    04302                    1853 H 
170314 1301 00019  501  08                     1909                    1858 H 
170314 1302 00030  501  09                    04302                    1851 H 
170314 1303 00030  501  10                    04302                    1851 H 
170314 1303 00030  501  11                    04302                    1853 H 
170314 1304 00041           501  01            1850                94232823 7 
170314 1304 00030  501  12                    04302                    1853 H 
170314 1305 00030  501  13                    04302                    1851 H 
170314 1306 00030  501  14                    04302                    1853 H 
170314 1307 00030  501  15                    04302                    1851 H 
170314 1308 00029  501  16                    04302                    1853 H 
170314 1310 00030  501  17                    04302                    1851 H 
170314 1311 00030  501  18                    04302                    1853 H 
170314 1311 00132           501  01            1821                   01858 7 
170314 1312 00029  501  19                    04302                    1851 H 
170314 1313 00030  501  20                    04302                    1853 H 
170314 1314 00015  501  21                     1909                    1858 H 
170314 1315 00030  501  22                    04302                    1853 H 
170314 1316 00030  501  23                    04302                    1851 H 
170314 1316 00011  501  24                                             1822 G 
170314 1316 00025  501  24                                             1822 9 
170314 1318 00030  501  25                    04302                    1853 H 
170314 1318 00457           501  01            1850            989873946642 7 
170314 1319 00030  501  26                    04302                    1851 H 
170314 1320 00002           501  01            1835                    1981 7 
170314 1320 00002  501  27                     4191                    1835 9 
170314 1321 00030  501  28                    04302                    1853 H 
170314 1321 00002  501  29                   011023                    1850 9 
170314 1321 00002           501  01            1850                    1981 7 
170314 1322 00029  501  30                   011023                    1853 H 
170314 1322 00026  501  02                    04302                    1851 H 
170314 1323 00026  501  04                    04302                    1853 H 
170314 1323 00103  501  03               8312200750                    1850 H 
170314 1323 00003           501  02            1850                    1981 7 
170314 1323 00003  501  05                   011023                    1850 9 
170314 1324 00001  501  06                   011023                    1853 9 
170314 1324 00000           501  02            1853                    1981 7 
170314 1324 00020  501  08                     4041                    1835 H 
170314 1324 00039  501  07                   011035                    1850 H 
170314 1325 00030  501  09                    04302                    1856 H 
170314 1325 00016  501  11               8312778777                    1983 9 
170314 1325 00002  501  10                   011023                    1819 9 
170314 1325 00002           501  02            1819                    1981 7 
170314 1325 00031  501  12                   011035                    1850 H 
170314 1325 00030  501  13                    04302                    1858 H 
170314 1326 00439           501  01            1821                   01570 7 
170314 1326 00029  501  14                    04302                    1853 H 
170314 1328 00047           501  01            1441                    1438 7 
170314 1329 00030  501  16                    04308                    1851 H 
170314 1330 00119  501  15                   011042                    1850 H 
170314 1330 00028  501  17                    04308                    1853 H 
170314 1330 00030  501  18                    04302                    1853 H 
170314 1330 00006  501  20                     4161                    1822 G 
170314 1330 00016  501  20                     4161                    1822 9 
170314 1330 00029  501  19                    04308                    1856 H 
170314 1332 00030  501  21                    04302                    1853 H 
170314 1333 00025  501  22                    04302                    1851 H 
170314 1333 00023  501  23                    04302                    1856 H 
170314 1334 00005  501  25                   011098                    1821 G 
170314 1334 00023  501  24                    04302                    1858 H 
170314 1334 00016  501  26               9875548576                    1983 9 
170314 1335 00134           501  01            1441                    1944 7 
170314 1335 00003  501  28               9127602532                    1822 G 
170314 1335 00026  501  27                   011012                    1850 H 
170314 1335 00019  501  28               9127602532                    1822 9 
170314 1336 00003  501  29                    01858                    1850 G 
170314 1336 00017  501  29                    01858                    1850 9 
170314 1336 00014  501  30                    01570                    1850 G 
170314 1336 00024  501  30                    01570                    1850 9 
170314 1337 00310  501  25                   011098                    1821 9 
170314 1337 00017  501  02               8312729789                    1983 9 
170314 1338 00058           501  01            1850                   04301 7 
170314 1339 00016  501  03                     4171                    1835 H 
170314 1340 00053  501  04                   011012                    1850 H 
170314 1342 00257           501  01            1822                    4151 7 
170314 1345 00022           501  01            1822                    4171 7 
170314 1346 00040  501  05                   011035                    1850 H 
170314 1346 00033  501  06                   011035                    1850 H 
170314 1348 00016  501  07                                             1983 9 
170314 1348 00002  501  08                    04301                    1850 G 
170314 1349 00006  501  09                                             1822 G 
170314 1349 00054  501  08                    04301                    1850 9 
170314 1349 00003           501  01            1822                    1981 7 
170314 1349 00003  501  10                     4211                    1822 9 
170314 1352 00334  501  09                                             1822 9 
170314 1354 00002  501  11                     4211                    1822 G 
170314 1355 00117           501  01            1821                   01570 7 
170314 1355 00048  501  11                     4211                    1822 9 
170314 1356 00003           501  01            1858                    1981 7 
170314 1356 00003  501  12                     1925                    1858 9 
170314 1358 00014           501  01            1822                    4211 7 
170314 1358 00003  501  13                                             1822 G 
170314 1359 00028  501  13                                             1822 9 
170314 1401 00005  501  14                     1954                    1424 G 
170314 1403 00002  501  15                    04345                    1822 G 
170314 1403 00008  501  15                    04345                    1822 9 
170314 1403 00011  501  16                                             1822 G 
170314 1405 00210           501  01            1818                    1823 7 
170314 1405 00404  501  14                     1954                    1424 9 
170314 1405 00214  501  16                                             1822 9 
170314 1407 00016  501  17                     1015                    1850 H 
170314 1408 00019  501  18                     4041                    1835 H 
170314 1408 00002           501  01            1858                    1981 7 
170314 1408 00002  501  19                     1015                    1858 9 
170314 1410 00036           501  02            1822                    4131 7 
170314 1410 00016  501  20               9042611707                    1983 9 
170314 1412 00035           501  03            1871                    1601 7 
170314 1412 00207           501  01            1822                    4111 7 
170314 1414 00022  501  21                     1926                    1858 H 
170314 1417 00007  501  23                   011012                    1850 G 
170314 1417 00029  501  22                     1967                    1858 H 
170314 1417 00025  501  23                   011012                    1850 9 
170314 1417 00005  501  24                     1878                    1824 G 
170314 1418 00022  501  24                     1878                    1824 9 
170314 1419 00258           501  01            1818                    1823 7 
170314 1420 00202           501  02            1850            989103902931 7 
170314 1420 00003  501  25                     1828                    1826 G 
170314 1421 00002  501  26                     1721                    1822 G 
170314 1421 00058  501  25                     1828                    1826 9 
170314 1421 00005  501  27                     1823                    1835 G 
170314 1421 00046  501  26                     1721                    1822 9 
170314 1423 00004  501  28                    04302                    1850 G 
170314 1424 00008  501  29                     1721                    1822 G 
170314 1425 00358  501  27                     1823                    1835 9 
170314 1426 00144  501  29                     1721                    1822 9 
170314 1426 00035           501  01            1427            989202557961 7 
170314 1426 00003  501  30                     4171                    1835 G 
170314 1427 00017  501  30                     4171                    1835 9 
170314 1428 00002           501  03            1824                    1981 7 
170314 1428 00003  501  02                     1840                    1824 9 
170314 1428 00422  501  28                    04302                    1850 9 
170314 1429 00153           501  01            1835                    1454 7 
170314 1430 00044           501  01            1427            989202557961 7 
170314 1432 00002  501  03                    04302                    1850 G 
170314 1433 00003  501  04                     4211                    1822 G 
170314 1433 00015  501  04                     4211                    1822 9 
170314 1434 00012  501  05                    04348                    1822 G 
170314 1434 00010  501  05                    04348                    1822 9 
170314 1434 00031           501  01            1835                    4171 7 
170314 1435 00003           501  01            1858                    1981 7 
170314 1435 00002           501  01            1426                    1981 7 
170314 1435 00002  501  06                     1954                    1426 9 
170314 1436 00000  501  07                     1015                    1855 I 
170314 1436 00006  501  08                     1909                    1858 H 
170314 1436 00002  501  10                    01570                    1821 G 
170314 1436 00314  501  03                    04302                    1850 9 
170314 1436 00004  501  11               8312822777                    1983 9 
170314 1436 00002           501  01            1853                    1981 7 
170314 1436 00003  501  09                     1015                    1853 9 
170314 1438 00017           501  01            1835                    4171 7 
170314 1438 00208  501  10                    01570                    1821 9 
170314 1438 00003  501  13                   015567                    1427 G 
170314 1438 00002  501  14                    01570                    1425 G 
170314 1439 00031  501  13                   015567                    1427 9 
170314 1439 00032  501  14                    01570                    1425 9 
170314 1439 00002  501  15                   015567                    1425 G 
170314 1440 00233  501  12                     1015                    1850 H 
170314 1440 00007  501  16                     1226                    1440 G 
170314 1440 00103  501  15                   015567                    1425 9 
170314 1441 00147           501  01            1826                    1926 7 
170314 1441 00003  501  17                     1015                    1850 H 
170314 1442 00036  501  18                     1958                    1850 H 
170314 1442 00003           501  01            1428                    1981 7 
170314 1442 00003  501  19                     1255                    1428 9 
170314 1442 00000  501  21                     1015                    1855 I 
170314 1442 00027  501  20                     1958                    1850 H 
170314 1442 00003           501  02            1853                    1981 7 
170314 1442 00003  501  22                     1015                    1853 9 
170314 1443 00003           501  02            1850                    1981 7 
170314 1443 00003  501  23                     1015                    1850 9 
170314 1443 00003  501  24                     1823                    1835 G 
170314 1444 00150           501  01            1882                   01570 7 
170314 1445 00146  501  24                     1823                    1835 9 
170314 1446 00004  501  26                     1810                    1818 G 
170314 1446 00003           501  02            1853                    1981 7 
170314 1446 00003  501  25                     1015                    1853 9 
170314 1447 00050  501  27                   011010                    1850 H 
170314 1448 00004  501  28                     1878                    1824 G 
170314 1448 00003  501  29                    01570                    1882 G 
170314 1448 00030           501  01            1882                    1911 7 
170314 1448 00205  501  26                     1810                    1818 9 
170314 1448 00044           501  02            1850                   04302 7 
170314 1449 00045  501  29                    01570                    1882 9 
170314 1449 00016           501  01            1882                    1911 7 
170314 1450 00156  501  28                     1878                    1824 9 
170314 1451 00023           501  01            1835                    1823 7 
170314 1451 00002  501  30                     1823                    1818 G 
170314 1451 01122  501  16                     1226                    1440 9 
170314 1452 00100  501  30                     1823                    1818 9 
170314 1452 00002  501  01                    01570                    1882 G 
170314 1454 00042           501  02            1835                    1610 7 
170314 1454 00211  501  01                    01570                    1882 9 
170314 1457 00027           501  01            1835                    1610 7 
170314 1458 00004  501  02                                             1822 G 
170314 1458 00008  501  02                                             1822 9 
170314 1459 00012           501  02            1427            989202557961 7 
170314 1500 00043           501  01            1440                    1226 7 
170314 1500 00001  501  03                    01570                    1882 G 
170314 1500 00016  501  03                    01570                    1882 9 
170314 1500 00001  501  04                     1926                    1822 G 
170314 1501 00042           501  01            1821                   01570 7 
170314 1501 00104  501  04                     1926                    1822 9 
170314 1502 00013  501  05                     1935                    1850 G 
170314 1502 00022           501  01            1822                   04349 7 
170314 1502 00019  501  06                                             1822 G 
170314 1504 00116  501  06                                             1822 9 
170314 1504 00139           501  03            1835                    4171 7 
170314 1504 00004           501  01            1835                    4181 7 
170314 1505 00004  501  07                     4181                    1835 G 
170314 1505 00027  501  07                     4181                    1835 9 
170314 1505 00020  501  08                     4182                    1835 G 
170314 1506 00352  501  05                     1935                    1850 9 
170314 1506 00017  501  09                     1810                    1835 H 
170314 1506 00002  501  10                     1810                    1818 G 
170314 1506 00055  501  08                     4182                    1835 9 
170314 1506 00031  501  10                     1810                    1818 9 
170314 1508 00145           501  01            1835                    1810 7 
170314 1508 00007  501  11                     1935                    1850 G 
170314 1510 00200  501  11                     1935                    1850 9 
170314 1511 00004  501  12                     1922                    1822 G 
170314 1511 00011  501  13                     4181                    1835 G 
170314 1512 00005  501  13                     4181                    1835 9 
170314 1512 00057           501  01            1425                    1442 7 
170314 1512 00122  501  12                     1922                    1822 9 
170314 1513 00002           501  03            1851                    1981 7 
170314 1513 00003  501  14                     1925                    1851 9 
170314 1514 00017           501  04            1425                    1911 7 
170314 1514 00041           501  01            1850            989108927655 7 
170314 1516 00003           501  03            1426                    1981 7 
170314 1516 00003  501  15                     1923                    1426 9 
170314 1517 00003           501  05            1851                    1981 7 
170314 1517 00003  501  16                     1925                    1851 9 
170314 1517 00001  501  17                     1923                    1425 G 
170314 1518 00041           501  04            1457                92574604 7 
170314 1518 00046  501  17                     1923                    1425 9 
170314 1518 00001  501  18                     1923                    1425 G 
170314 1518 00002  501  19                     1811                    1822 G 
170314 1518 00020  501  18                     1923                    1425 9 
170314 1518 00021  501  19                     1811                    1822 9 
170314 1520 00009  501  20                     1229                    1426 H 
170314 1520 00134           501  03            1427            989202557961 7 
170314 1521 00023           501  03            1835                    4171 7 
170314 1521 00501           501  01            1850            989047994799 7 
170314 1521 00012  501  21               8312200750                    1850 G 
170314 1522 00000  501  22                     1943                    1855 I 
170314 1522 00052           501  01            1425                92484699 7 
170314 1522 00104  501  21               8312200750                    1850 9 
170314 1522 00003  501  23                     1943                    1853 9 
170314 1522 00003           501  01            1853                    1981 7 
170314 1523 00003  501  24                     1823                    1818 G 
170314 1524 00057  501  24                     1823                    1818 9 
170314 1524 00007  501  25                     1828                    1826 G 
170314 1525 00229           501  03            1425                   01570 7 
170314 1526 02408           501  02            1440            988313094002 7 
170314 1526 00134  501  25                     1828                    1826 9 
170314 1527 00120           501  01            1850            989202501316 7 
170314 1532 00024           501  01            1850            989202501316 7 
170314 1534 00112           501  01            1822                    4151 7 
170314 1534 00052           501  02            1818                    1823 7 
170314 1535 00106  501  26                   011013                    1850 H 
170314 1536 00133           501  01            1818                94118314 7 
170314 1536 00106  501  27                     1015                    1850 H 
170314 1537 00003           501  01            1850                    1981 7 
170314 1537 00003  501  28                     1925                    1850 9 
170314 1537 00029  501  29                     1925                    1856 H 
170314 1538 00024  501  30                     1925                    1851 H 
170314 1539 00002  501  01                    01570                    1822 G 
170314 1539 00037  501  01                    01570                    1822 9 
170314 1539 00012  501  02                     1944                    1822 G 
170314 1540 00044  501  02                     1944                    1822 9 
170314 1541 00001  501  03                     4091                    1822 G 
170314 1541 00012  501  03                     4091                    1822 9 
170314 1542 00016  501  04                    01426                    1424 G 
170314 1542 00000  501  05                   011032                    1855 I 
170314 1542 00000  501  06                     1943                    1855 I 
170314 1543 00003  501  07                     1943                    1853 9 
170314 1543 00003           501  01            1853                    1981 7 
170314 1546 00046  501  08                     1935                    1850 G 
170314 1547 00042  501  08                     1935                    1850 9 
170314 1549 00712  501  04                    01426                    1424 9 
170314 1549 00001  501  09                                             1822 G 
170314 1550 00021  501  09                                             1822 9 
170314 1551 00010           501  01            1427            989202557961 7 
170314 1551 00002  501  10                     4131                    1822 G 
170314 1551 00015  501  10                     4131                    1822 9 
170314 1551 00013  501  11                                             1822 G 
170314 1551 00018  501  11                                             1822 9 
170314 1551 00106           501  02            1425                    1911 7 
170314 1552 00129           501  03            1835                  015565 7 
170314 1554 00120           501  01            1850            989043995710 7 
170314 1554 00002  501  12                     4192                    1822 G 
170314 1554 00018  501  13                   011043                    1850 G 
170314 1554 00002  501  14                     1828                    1826 G 
170314 1554 00031  501  12                     4192                    1822 9 
170314 1556 00135  501  14                     1828                    1826 9 
170314 1556 00003  501  15                     1811                    1835 G 
170314 1556 00025           501  01            1826                    4051 7 
170314 1557 00018  501  15                     1811                    1835 9 
170314 1558 00024           501  01            1818                94330033 7 
170314 1601 00011  501  17                     4151                    1822 G 
170314 1602 00003           501  01            1428                    1981 7 
170314 1602 00003  501  16                     1101                    1428 9 
170314 1602 00001  501  18                   114544                    1860 G 
170314 1603 00000  501  20                     1015                    1855 I 
170314 1603 00136  501  17                     4151                    1822 9 
170314 1603 00030  501  19                    04301                    1858 H 
170314 1604 00003           501  01            1853                    1981 7 
170314 1604 00003  501  21                     1015                    1853 9 
170314 1604 00029  501  22                    04301                    1858 H 
170314 1605 00014  501  23                    04301                    1851 H 
170314 1605 00005           501  01            1441                92330186 7 
170314 1606 00030  501  24                    04301                    1858 H 
170314 1606 01213  501  13                   011043                    1850 9 
170314 1607 00502  501  18                   114544                    1860 9 
170314 1609 00018  501  25                     1943                    1850 G 
170314 1611 00050           501  01            1425                    1944 7 
170314 1612 00026  501  26                     1701                    1425 H 
170314 1612 00002  501  27                     1229                    1426 H 
170314 1612 00053           501  01            1425                    1953 7 
170314 1613 00344  501  25                     1943                    1850 9 
170314 1614 00021  501  28                     1926                    1426 H 
170314 1615 00002  501  29                     1923                    1425 G 
170314 1615 00006  501  30                    04345                    1822 H 
170314 1616 00039  501  29                     1923                    1425 9 
170314 1616 00056           501  01            1822                    4171 7 
170314 1617 00057           501  02            1425                    1953 7 
170314 1618 00105           501  01            1850            989103902931 7 
170314 1619 00014  501  01                     4051                    1826 H 
170314 1619 00019  501  04                     1926                    1858 H 
170314 1619 00006  501  05                                             1822 G 
170314 1620 00011  501  06                     1800                    1858 H 
170314 1620 00221           501  02            1824                92767268 7 
170314 1621 00116  501  05                                             1822 9 
170314 1621 00231           501  03            1850                94156121 7 
170314 1623 00110           501  01            1826                    4051 7 
170314 1623 00047  501  07                   011043                    1850 H 
170314 1624 00041  501  08                   011043                    1850 H 
170314 1624 00002  501  09                   011043                    1850 G 
170314 1625 00001  501  10                     4082                    1822 G 
170314 1625 00010  501  10                     4082                    1822 9 
170314 1625 00016  501  11               9040352296                    1983 9 
170314 1626 00017  501  12               9040352296                    1983 9 
170314 1627 00016  501  14               9040352296                    1983 9 
170314 1627 00026  501  13                     4072                    1835 H 
170314 1628 00408  501  09                   011043                    1850 9 
170314 1631 00002           501  01            1858                    1981 7 
170314 1632 00105           501  01            1850                    1943 7 
170314 1632 00016  501  15               9200338632                    1983 9 
170314 1632 00013  501  16                     4012                    1822 G 
170314 1633 00017  501  16                     4012                    1822 9 
170314 1633 00004  501  18                     1436                    1818 G 
170314 1633 00030  501  17                     1935                    1850 G 
170314 1633 00015  501  19                     1055                    1850 H 
170314 1633 00030  501  18                     1436                    1818 9 
170314 1633 00009  501  20                     1055                    1821 G 
170314 1633 00000  501  21                     1954                    1855 I 
170314 1634 00031  501  20                     1055                    1821 9 
170314 1634 00003  501  22                     1954                    1853 9 
170314 1634 00002           501  01            1853                    1981 7 
170314 1634 00010  501  23                                             1822 G 
170314 1634 00000  501  24                     1935                    1855 I 
170314 1635 00016  501  25               9200338632                    1983 9 
170314 1635 00048           501  01            1822                92338830 7 
170314 1635 00102  501  23                                             1822 9 
170314 1637 00023           501  01            1424            988353620888 7 
170314 1639 00021  501  26                    04302                    1853 H 
170314 1640 00030  501  27                    04302                    1850 H 
170314 1640 00023  501  28                    04302                    1851 H 
170314 1641 00029  501  29                    04302                    1856 H 
170314 1641 00030  501  30                    04302                    1858 H 
170314 1642 00013  501  02                     1955                    1440 G 
170314 1642 00029  501  03                    04302                    1850 H 
170314 1642 00003           501  03            1428                    1981 7 
170314 1642 00003  501  04                     1255                    1428 9 
170314 1643 00956  501  17                     1935                    1850 9 
170314 1643 00026  501  05                    04302                    1850 G 
170314 1644 00646           501  01            1428            988353620888 7 
170314 1644 00000  501  06                     1935                    1855 I 
170314 1644 00116  501  05                    04302                    1850 9 
170314 1645 00211           501  03            1881                    1840 7 
170314 1645 00346  501  02                     1955                    1440 9 
170314 1646 00007  501  08                                             1822 G 
170314 1646 00043  501  08                                             1822 9 
170314 1648 00322  501  07                     1015                    1850 H 
170314 1650 00007  501  10                     4151                    1822 G 
170314 1650 00026  501  10                     4151                    1822 9 
170314 1650 00002  501  12                     4333                    1822 G 
170314 1651 00030  501  11                    04302                    1850 H 
170314 1651 00039  501  12                     4333                    1822 9 
170314 1651 00030  501  13                    04308                    1850 H 
170314 1652 00054           501  01            1822                    4091 7 
170314 1653 00345  501  09                     1015                    1850 G 
170314 1653 00034           501  01            1822                    4111 7 
170314 1654 00030  501  14                    04302                    1850 H 
170314 1654 00000  501  15                   011030                    1855 I 
170314 1655 00007  501  16                     1955                    1440 G 
170314 1655 00003  501  17                     4012                    1822 G 
170314 1655 00019  501  17                     4012                    1822 9 
170314 1656 00002  501  18                     4201                    1822 G 
170314 1656 00016  501  18                     4201                    1822 9 
170314 1657 00158  501  16                     1955                    1440 9 
170314 1657 00000  501  19               4957979692                    1855 I 
170314 1657 00002  501  20                   011018                    1853 9 
170314 1657 00002           501  01            1853                    1981 7 
170314 1658 00000  501  22                     1958                    1855 I 
170314 1658 00002           501  01            1853                    1981 7 
170314 1658 00003  501  21                   011018                    1853 9 
170314 1658 00502  501  09                     1015                    1850 9 
170314 1658 00016  501  23                     1958                    1850 G 
170314 1659 00010  501  24                    04302                    1850 H 
170314 1659 00000  501  26                   011012                    1855 I 
170314 1659 00046  501  23                     1958                    1850 9 
170314 1659 00016  501  27                    04302                    1850 G 
170314 1659 00000  501  28                   011012                    1855 I 
170314 1659 00003           501  02            1853                    1981 7 
170314 1659 00003  501  25               4957979692                    1853 9 
170314 1659 00026           501  01            1860                  015573 7 
170314 1700 00003  501  29               4957979692                    1853 9 
170314 1700 00002           501  02            1853                    1981 7 
170314 1700 00000  501  30                   011018                    1855 I 
170314 1700 00121  501  27                    04302                    1850 9 
170314 1701 00002           501  03            1853                    1981 7 
170314 1701 00002  501  02                   011018                    1853 9 
170314 1702 00000  501  03                   011035                    1855 I 
170314 1702 00132           501  01            1860                  015572 7 
170314 1702 00000  501  04                   011035                    1855 I 
170314 1702 00000  501  05               4957979692                    1855 I 
170314 1703 00002           501  03            1853                    1981 7 
170314 1703 00002  501  06                   011018                    1853 9 
170314 1706 00000  501  07                     1015                    1855 I 
170314 1707 00003           501  03            1858                    1981 7 
170314 1707 00003  501  08                     1015                    1858 9 
170314 1707 00002  501  09                     4161                    1822 G 
170314 1707 00041  501  09                     4161                    1822 9 
170314 1709 00742           501  02            1850            989108927655 7 
170314 1709 00018  501  10                     1958                    1850 G 
170314 1710 00058  501  10                     1958                    1850 9 
170314 1711 00106           501  02            1850            989056670167 7 
170314 1726 02222           501  01            1860                  114544 7 
170314 1734 00013           501  01            1822                    1810 7 
170314 1736 00005  501  11                     1610                    1822 G 
170314 1737 00025  501  11                     1610                    1822 9 
170314 1744 00048           501  01            1850                    1236 7 
170314 1745 00017  501  12                     1015                    1850 G 
170314 1747 00214  501  12                     1015                    1850 9 
170314 1802 00033  501  13                   011012                    1850 G 
170314 1803 00057  501  13                   011012                    1850 9 
170314 1814 00002           501  01            1821                    1438 7 
170314 1826 00623           501  01            1821                  015500 7 
170314 1827 00054           501  01            1821                  014550 7 
170314 1838 00106  501  14                   011013                    1850 H 
170314 1845 00002  501  15                    01858                    1850 G 
170314 1847 00204  501  15                    01858                    1850 9 
170314 1913 00417           501  01            1850                   01858 7 
170314 1920 00002  501  16               8332578707                    1822 G 
170314 1921 00023  501  16               8332578707                    1822 9 
170314 1921 00121           501  01            1850            989202587558 7 
170314 1929 00002  501  17                    01858                    1850 G 
170314 1931 00124  501  17                    01858                    1850 9 
170314 1936 00007  501  18                                             1822 G 
170314 1937 00106           501  02            1822                92338830 C 
170314 1939 00928           501  01            1822                92736976 7 
170314 1939 00321  501  18                                             1822 C 
170314 1954 00016  501  19               9524425511                    1983 9 
170314 2006 00126           501  01            1850            989063499892 7 
170314 2028 00259           501  01            1850            988313052674 7 
170314 2032 00017  501  20               9103880172                    1983 9 
170314 2104 00001  501  21                                             1822 G 
170314 2104 00012  501  21                                             1822 9 
170314 2106 00011  501  22                     4400                    1457 G 
170314 2106 00031  501  22                     4400                    1457 9 
00:00 18/03
