140314 0002 00045  501  05                     4191                    1822 9 
140314 0008 00000  501  07                   011012                    1855 I 
140314 0009 00021  501  08                   011012                    1853 H 
140314 0009 00003  501  09                   011012                    1821 G 
140314 0009 00020  501  09                   011012                    1821 9 
140314 0033 00003  501  10                     4192                    1822 G 
140314 0034 00002           501  01            1822                    1981 7 
140314 0034 00002  501  11                     4101                    1822 9 
140314 0035 00149  501  10                     4192                    1822 9 
140314 0035 00002  501  12                     4101                    1822 G 
140314 0036 00127  501  12                     4101                    1822 9 
140314 0058 00005  501  13                    61426                    1822 G 
140314 0058 00036  501  13                    61426                    1822 9 
140314 0058 00002           501  01            1822                    1981 7 
140314 0058 00002  501  14                     4192                    1822 9 
140314 0059 00018           501  01            1822                    4192 7 
140314 0100 00124           501  01            1821                    4192 7 
140314 0140 00004  501  15                                             1822 G 
140314 0142 00129           501  01            1822                92338830 7 
140314 0142 00144  501  15                                             1822 9 
140314 0341 00021           501  01            1822              5003722143 7 
140314 0345 00231           501  01            1822              5003745243 7 
140314 0348 00002  501  16                                             1822 G 
140314 0353 00539  501  16                                             1822 9 
140314 0358 00005  501  17                                             1822 G 
140314 0359 00130  501  17                                             1822 9 
140314 0655 00004  501  18                    04345                    1822 G 
140314 0655 00007  501  18                    04345                    1822 9 
140314 0739 00026           501  01            1822                   23885 7 
140314 0803 00023           501  01            1824                   01547 7 
140314 0804 00040           501  01            1824                   01548 7 
140314 0810 00058           501  01            1858                    4302 7 
140314 0811 00018           501  01            1858                    4302 7 
140314 0816 00001  501  19                    01826                    1858 G 
140314 0816 00002  501  20                     4202                    1822 G 
140314 0816 00031  501  19                    01826                    1858 9 
140314 0816 00000           501  01            1858                    4302 7 
140314 0816 00002  501  21                    01826                    1858 G 
140314 0817 00008  501  21                    01826                    1858 9 
140314 0817 00016           501  01            1858                    4302 7 
140314 0817 00052  501  20                     4202                    1822 9 
140314 0818 00003  501  22                     4041                    1822 G 
140314 0818 00045           501  01            1858                   04303 7 
140314 0818 00015  501  22                     4041                    1822 9 
140314 0819 00021           501  01            1858                    4301 7 
140314 0819 00005  501  23                     4221                    1822 G 
140314 0819 00018  501  23                     4221                    1822 9 
140314 0820 00006           501  01            1835             84999998228 7 
140314 0820 00009           501  01            1822                    4101 7 
140314 0821 00039           501  01            1835             84999998228 7 
140314 0822 00112           501  02            1822                    4191 7 
140314 0824 00018           501  01            1858                   01233 7 
140314 0824 00016           501  01            1858                   01826 7 
140314 0825 00024           501  01            1858                   04304 7 
140314 0827 00011  501  25                   011043                    1853 G 
140314 0827 00029  501  24                    04304                    1858 H 
140314 0828 00057           501  01            1858                   04304 7 
140314 0829 00228  501  25                   011043                    1853 9 
140314 0830 00152           501  01            1858                   01826 7 
140314 0831 00012           501  01            1858                   04303 7 
140314 0831 00002  501  26                                             1822 G 
140314 0831 00015  501  26                                             1822 9 
140314 0832 00044           501  01            1858                   01548 7 
140314 0835 00003  501  27                    01944                    1858 G 
140314 0836 00021  501  27                    01944                    1858 9 
140314 0839 00008  501  28               8312480000                    1853 G 
140314 0839 00000  501  29               8312480000                    1855 I 
140314 0839 00046  501  28               8312480000                    1853 9 
140314 0841 00004  501  30                     4201                    1853 G 
140314 0842 00057  501  30                     4201                    1853 9 
140314 0844 00003  501  01                                             1822 G 
140314 0844 00044  501  01                                             1822 9 
140314 0845 00056           501  02            1427            989202557961 7 
140314 0846 00031           501  01            1835             84999998228 7 
140314 0848 00222           501  01            1835                    4161 7 
140314 0849 00003  501  02                     4161                    1835 G 
140314 0849 00002  501  03                                             1822 G 
140314 0850 00010  501  03                                             1822 9 
140314 0850 00038  501  02                     4161                    1835 9 
140314 0851 00005  501  04                                             1822 G 
140314 0851 00021  501  04                                             1822 9 
140314 0853 00002  501  05                     4171                    1822 G 
140314 0854 00018  501  05                     4171                    1822 9 
140314 0854 00001  501  06                     4041                    1822 G 
140314 0854 00017  501  06                     4041                    1822 9 
140314 0857 00002  501  07                     1926                    1858 G 
140314 0859 00047           501  01            1853                92444774 7 
140314 0859 00009           501  02            1821                  014550 7 
140314 0859 00137  501  07                     1926                    1858 9 
140314 0902 00016  501  08               8315996582                    1983 9 
140314 0903 00036           501  02            1858                   01826 7 
140314 0903 00002  501  09                     1463                    1853 H 
140314 0903 00016           501  02            1858                    1926 7 
140314 0904 00026  501  10                    04076                    1853 H 
140314 0904 00000  501  12                    04076                    1855 I 
140314 0904 00030  501  11                     1463                    1853 H 
140314 0905 00028  501  13                    04076                    1853 H 
140314 0905 00005  501  14                    04347                    1822 G 
140314 0905 00000  501  15                    04076                    1855 I 
140314 0905 00021  501  14                    04347                    1822 9 
140314 0906 00000  501  16                    04076                    1855 I 
140314 0906 00418           501  01            1853            989226635797 7 
140314 0906 00002  501  17                    04076                    1853 G 
140314 0907 00004  501  18                     4191                    1822 G 
140314 0907 00017  501  19               9209228516                    1983 9 
140314 0907 00000  501  21                                             1822 I 
140314 0908 00024  501  20                     4151                    1822 H 
140314 0908 00157  501  17                    04076                    1853 9 
140314 0908 00028  501  22                                             1822 H 
140314 0909 00028  501  23                                             1822 H 
140314 0909 00223  501  18                     4191                    1822 9 
140314 0909 00003  501  25                     4151                    1822 G 
140314 0910 00016  501  24                     1213                    1854 H 
140314 0910 00015  501  25                     4151                    1822 9 
140314 0911 00004  501  26                   011024                    1853 G 
140314 0911 00013           501  01            1835                    4161 7 
140314 0912 00107           501  01            1835                   04161 7 
140314 0913 00200  501  26                   011024                    1853 9 
140314 0917 00008  501  27                     4052                    1858 G 
140314 0918 00002  501  28                                             1822 G 
140314 0918 00017  501  29               9875373272                    1983 9 
140314 0919 00114  501  28                                             1822 9 
140314 0919 00019           501  01            1835                    1878 7 
140314 0920 00002  501  30                     1810                    1818 G 
140314 0921 00002           501  02            1854                    1981 7 
140314 0921 00003  501  01                     1213                    1854 9 
140314 0921 00040  501  30                     1810                    1818 9 
140314 0921 00004  501  02               8312480000                    1853 G 
140314 0922 00039  501  02               8312480000                    1853 9 
140314 0922 00002  501  03                                             1822 G 
140314 0922 00002  501  04                     4105                    1853 G 
140314 0923 00002  501  05                     1810                    1818 G 
140314 0923 00518  501  27                     4052                    1858 9 
140314 0923 00056  501  03                                             1822 9 
140314 0923 00015           501  01            1835                92736976 7 
140314 0924 00003  501  06                     4021                    1822 G 
140314 0924 00112  501  05                     1810                    1818 9 
140314 0924 00016  501  06                     4021                    1822 9 
140314 0924 00207  501  04                     4105                    1853 9 
140314 0925 00002  501  07                    04076                    1853 G 
140314 0925 00108           501  02            1858                   01570 C 
140314 0925 00025  501  07                    04076                    1853 9 
140314 0926 00003  501  08                    04076                    1853 G 
140314 0927 00051  501  08                    04076                    1853 9 
140314 0928 00025  501  09                     1463                    1853 H 
140314 0928 00004  501  10                     1463                    1850 G 
140314 0929 00121  501  10                     1463                    1850 9 
140314 0933 00014  501  11                     4052                    1858 H 
140314 0933 00033           501  02            1427            989202557961 7 
140314 0933 00006  501  12                     1926                    1858 G 
140314 0934 00003  501  13                     1463                    1850 G 
140314 0934 00006  501  14                    01826                    1858 G 
140314 0934 00103  501  12                     1926                    1858 9 
140314 0935 00059  501  13                     1463                    1850 9 
140314 0935 00716           501  01            1853            988332604338 7 
140314 0935 00015  501  14                    01826                    1858 9 
140314 0935 00003  501  15                     4191                    1822 G 
140314 0936 00056           501  01            1858                    1926 7 
140314 0936 00114  501  15                     4191                    1822 9 
140314 0938 00002  501  16                    04349                    1822 G 
140314 0938 00011  501  16                    04349                    1822 9 
140314 0938 00002  501  17                     1213                    1854 G 
140314 0938 00026  501  17                     1213                    1854 9 
140314 0941 00003  501  18                     1810                    1818 G 
140314 0942 00301           501  01            1860                    4150 7 
140314 0942 00103  501  18                     1810                    1818 9 
140314 0943 00013  501  19                   011010                    1853 G 
140314 0943 00021  501  20                     1463                    1850 H 
140314 0944 00002  501  21                                             1822 G 
140314 0944 00005  501  21                                             1822 9 
140314 0944 00113  501  19                   011010                    1853 9 
140314 0945 00017           501  02            1818                    1810 7 
140314 0946 00028           501  01            1850                    1463 7 
140314 0946 00000  501  22                     1926                    1858 H 
140314 0946 00003  501  23                     1926                    1858 9 
140314 0946 00003           501  01            1858                    1981 7 
140314 0946 00045           501  02            1858                   01548 7 
140314 0948 00108           501  01            1858                    1926 7 
140314 0948 00002  501  24                   114544                    1860 G 
140314 0949 00052           501  02            1835                92736976 7 
140314 0949 00014  501  25                    01826                    1858 G 
140314 0949 00109           501  01            1853            988332778876 7 
140314 0949 00021  501  25                    01826                    1858 9 
140314 0950 00002  501  26                     1926                    1858 G 
140314 0952 00235  501  26                     1926                    1858 9 
140314 0953 00009           501  01            1858                   01826 7 
140314 0954 00101           501  01            1858                  011007 7 
140314 0954 00605  501  24                   114544                    1860 9 
140314 0955 00029  501  27                    01570                    1858 H 
140314 0955 00002  501  28                     1226                    1858 G 
140314 0956 00004  501  29                     4161                    1835 G 
140314 0956 00104  501  28                     1226                    1858 9 
140314 0958 00207  501  29                     4161                    1835 9 
140314 0958 00014           501  01            1858                   01826 7 
140314 0958 00003  501  30                     1810                    1835 G 
140314 0958 00007  501  01               8312725030                    1853 G 
140314 0959 00002           501  03            1428                    1981 7 
140314 0959 00002  501  02                     1226                    1428 9 
140314 0959 00056  501  01               8312725030                    1853 9 
140314 1000 00018  501  03                     1255                    1428 H 
140314 1001 00222  501  30                     1810                    1835 9 
140314 1001 00117           501  01            1853                    1967 7 
140314 1002 00019           501  01            1853                    1442 7 
140314 1004 00005  501  04                    04301                    1858 G 
140314 1005 00012  501  05                   114544                    1860 H 
140314 1005 00003  501  06                    04076                    1853 G 
140314 1006 00008  501  07                     1840                    1835 G 
140314 1006 00137  501  04                    04301                    1858 9 
140314 1007 00104  501  07                     1840                    1835 9 
140314 1007 00006  501  08                     1810                    1835 G 
140314 1007 00025           501  02            1858                    1915 7 
140314 1007 00118           501  01            1850            989524719175 7 
140314 1008 00006  501  09                     1911                    1425 G 
140314 1008 00012  501  09                     1911                    1425 9 
140314 1008 00010  501  10                   114544                    1860 G 
140314 1008 00138  501  08                     1810                    1835 9 
140314 1008 00022  501  10                   114544                    1860 9 
140314 1009 00000  501  11                     1015                    1855 I 
140314 1009 00327  501  06                    04076                    1853 9 
140314 1009 00009  501  12                     1015                    1853 G 
140314 1009 00011           501  01            1858                    1915 7 
140314 1010 00034           501  01            1858                   04301 7 
140314 1010 00138  501  12                     1015                    1853 9 
140314 1010 00113           501  02            1853                    1945 7 
140314 1011 00006  501  13                     1226                    1424 G 
140314 1011 00010  501  14                     4150                    1860 G 
140314 1011 00002  501  15                     1926                    1858 G 
140314 1012 00040  501  14                     4150                    1860 9 
140314 1012 00034  501  15                     1926                    1858 9 
140314 1012 00003  501  16                     1255                    1858 G 
140314 1013 00040  501  16                     1255                    1858 9 
140314 1013 00214  501  13                     1226                    1424 9 
140314 1013 00009  501  17                     1920                    1858 G 
140314 1014 00004  501  18                     1923                    1424 G 
140314 1014 00102  501  17                     1920                    1858 9 
140314 1014 00002  501  19                     4171                    1822 G 
140314 1015 00021  501  19                     4171                    1822 9 
140314 1016 00101           501  01            1850            989127603152 7 
140314 1016 00126  501  18                     1923                    1424 9 
140314 1016 00043           501  03            1856                92339017 7 
140314 1018 00006           501  01            1424                    1924 7 
140314 1018 00017  501  20               8312738697                    1983 9 
140314 1018 00000  501  21                     1943                    1855 I 
140314 1018 00003  501  22                     1943                    1853 G 
140314 1018 00026           501  01            1424                    1923 7 
140314 1019 00004  501  23                     1810                    1822 G 
140314 1019 00006  501  24               8312738697                    1983 9 
140314 1019 00018  501  23                     1810                    1822 9 
140314 1019 00002  501  25                                             1822 G 
140314 1019 00026  501  26                     4092                    1822 H 
140314 1020 00502           501  02            1427            989202557961 7 
140314 1021 00226  501  25                                             1822 9 
140314 1022 00337  501  22                     1943                    1853 9 
140314 1022 00000  501  27                     1935                    1855 I 
140314 1022 00005  501  28                     1935                    1850 G 
140314 1022 00000  501  29               8312480000                    1855 I 
140314 1023 00139           501  01            1427            989202557961 7 
140314 1023 00017  501  30               9101352390                    1983 9 
140314 1023 00054           501  02            1858                   01826 7 
140314 1024 00210  501  28                     1935                    1850 9 
140314 1025 00015  501  01               9101352390                    1983 9 
140314 1025 00003  501  02                     1915                    1858 G 
140314 1026 00016  501  02                     1915                    1858 9 
140314 1027 00028           501  01            1853                   04304 7 
140314 1027 00000  501  03               8312480000                    1855 I 
140314 1028 00000  501  04               8312480000                    1855 I 
140314 1028 00000  501  05               8312480000                    1855 I 
140314 1030 00151           501  01            1425                    1912 7 
140314 1030 00000  501  06                   011032                    1855 I 
140314 1031 00004  501  07                     4150                    1835 G 
140314 1032 00000  501  08                     1920                    1855 I 
140314 1032 00002  501  09                     1920                    1853 G 
140314 1032 00000  501  10                   011035                    1855 I 
140314 1032 00000  501  11                   011035                    1855 I 
140314 1032 00000  501  12                   011036                    1855 I 
140314 1033 00000  501  13                   011035                    1855 I 
140314 1033 00000  501  14                   011036                    1855 I 
140314 1033 00000  501  15                   011035                    1855 I 
140314 1033 00004  501  16                     1416                    1822 G 
140314 1033 00233  501  07                     4150                    1835 9 
140314 1033 00017  501  16                     1416                    1822 9 
140314 1034 00000  501  17                   011035                    1855 I 
140314 1034 00133  501  09                     1920                    1853 9 
140314 1034 00027           501  01            1853                    1920 7 
140314 1034 00018  501  18                     1255                    1428 G 
140314 1036 00120  501  18                     1255                    1428 9 
140314 1036 00002  501  19                     4091                    1822 G 
140314 1036 00008  501  19                     4091                    1822 9 
140314 1037 00003  501  20                     1920                    1858 9 
140314 1037 00003           501  01            1858                    1981 7 
140314 1037 00003  501  22                   011098                    1821 G 
140314 1037 00001  501  21                     4191                    1858 9 
140314 1037 00000           501  01            1858                    1981 7 
140314 1037 00000  501  24               8312480000                    1855 I 
140314 1037 00027  501  22                   011098                    1821 9 
140314 1038 00027  501  23               8312480000                    1853 G 
140314 1038 00006  501  25                   011098                    1821 G 
140314 1039 00050  501  23               8312480000                    1853 9 
140314 1039 00017  501  26               9202538757                    1983 9 
140314 1041 00002  501  27               8312480000                    1853 G 
140314 1041 00002           501  01            1853                    1981 7 
140314 1041 00003  501  28               9202538757                    1853 9 
140314 1042 00003  501  30                     4302                    1822 G 
140314 1042 00017  501  30                     4302                    1822 9 
140314 1042 00000  501  01               9045904818                    1855 I 
140314 1042 00003       25  501  01            1853                    1981 7 
140314 1042 00004  501  02                     1213                    1858 G 
140314 1042 00000  501  03               9045904818                    1855 I 
140314 1042 00130  501  27               8312480000                    1853 9 
140314 1043 00019  501  04                     4121                    1835 H 
140314 1043 00005  501  05                     4121                    1822 G 
140314 1044 00009  501  06                     1015                    1853 G 
140314 1044 00128  501  02                     1213                    1858 9 
140314 1044 00040  501  05                     4121                    1822 9 
140314 1045 00056  501  06                     1015                    1853 9 
140314 1045 00029  501  07                    04301                    1858 H 
140314 1045 00014  501  08                     1015                    1853 G 
140314 1045 00125           501  01            1858                    1438 7 
140314 1046 00102  501  08                     1015                    1853 9 
140314 1046 00027           501  02            1853                    3070 7 
140314 1046 00018           501  01            1858                  011007 7 
140314 1047 00003  501  09                   011018                    1853 G 
140314 1048 00006           501  01            1858                    1213 7 
140314 1048 00044  501  09                   011018                    1853 9 
140314 1048 00000           501  01            1858                    1213 7 
140314 1048 00019           501  01            1858                    1255 7 
140314 1049 00007  501  10               8312480000                    1853 G 
140314 1049 00002  501  12               8316150123                    1850 G 
140314 1049 00006  501  11                     1926                    1858 G 
140314 1050 00001  501  13                     1226                    1428 H 
140314 1050 00002  501  14                     1226                    1425 G 
140314 1050 00005  501  14                     1226                    1425 9 
140314 1050 00102  501  10               8312480000                    1853 9 
140314 1050 00053  501  11                     1926                    1858 9 
140314 1051 00016  501  15               9209041142                    1983 9 
140314 1051 00003  501  16               9200480481                    1440 G 
140314 1051 00005  501  17                     4525                    1854 G 
140314 1051 00135  501  12               8316150123                    1850 9 
140314 1051 00016  501  18               9209041142                    1983 9 
140314 1052 00004  501  19                    04301                    1858 G 
140314 1053 00013  501  20               8312480000                    1853 G 
140314 1053 00148  501  16               9200480481                    1440 9 
140314 1053 00016  501  21                     1211                    1426 H 
140314 1054 00113  501  20               8312480000                    1853 9 
140314 1054 00141  501  19                    04301                    1858 9 
140314 1054 00321  501  17                     4525                    1854 9 
140314 1058 00000  501  23                     1015                    1855 I 
140314 1059 00003           501  02            1858                    1981 7 
140314 1059 00003  501  22                     4202                    1858 9 
140314 1059 00003           501  02            1853                    1981 7 
140314 1059 00003  501  24                     1015                    1853 9 
140314 1100 00004  501  25                     1255                    1428 G 
140314 1100 00006  501  25                     1255                    1428 9 
140314 1100 00008  501  26                   011032                    1853 G 
140314 1101 00002  501  27               8312739911                    1440 G 
140314 1101 00002  501  28                     1915                    1858 G 
140314 1101 00014  501  28                     1915                    1858 9 
140314 1102 00044  501  27               8312739911                    1440 9 
140314 1102 00030           501  01            1858                   04301 7 
140314 1102 00002  501  29                    01570                    1858 G 
140314 1104 00140  501  29                    01570                    1858 9 
140314 1104 00000  501  01               8312480000                    1855 I 
140314 1104 00003  501  30                    01570                    1858 G 
140314 1104 00013  501  30                    01570                    1858 9 
140314 1105 00519  501  26                   011032                    1853 9 
140314 1108 00003  501  02                     1213                    1858 G 
140314 1108 00047           501  01            1850            988316150123 7 
140314 1109 00001  501  03                     4150                    1860 G 
140314 1110 00010  501  05                     1438                    1424 G 
140314 1110 00003  501  06                     4525                    1854 G 
140314 1110 00003  501  07                     4151                    1821 G 
140314 1110 00003           501  08            1835                    1981 7 
140314 1110 00003  501  04                     1828                    1835 9 
140314 1110 00000  501  08                    04303                    1858 I 
140314 1111 00020  501  07                     4151                    1821 9 
140314 1111 00000  501  09                     1915                    1858 I 
140314 1111 00000  501  11                    04303                    1858 I 
140314 1111 00000  501  12                    04303                    1858 I 
140314 1111 00020  501  10                     4101                    1835 G 
140314 1111 00000  501  13                    04303                    1858 I 
140314 1111 00000  501  14                     1915                    1858 I 
140314 1111 00002  501  15                     1976                    1856 G 
140314 1111 00013  501  10                     4101                    1835 9 
140314 1111 00000  501  16                    04303                    1858 I 
140314 1112 00121  501  06                     4525                    1854 9 
140314 1112 00222  501  03                     4150                    1860 9 
140314 1112 00000  501  17                    04303                    1858 I 
140314 1112 00000  501  18                    04303                    1858 I 
140314 1112 00031  501  15                     1976                    1856 9 
140314 1112 00000  501  19                    04303                    1858 I 
140314 1112 00000  501  20                    04303                    1858 I 
140314 1112 00000  501  21                    04303                    1858 I 
140314 1113 00000  501  22                    04303                    1858 I 
140314 1113 00000  501  23                     1915                    1858 I 
140314 1113 00000  501  24                    04303                    1858 I 
140314 1113 00000  501  25                     1915                    1858 I 
140314 1113 00000  501  26                    04303                    1858 I 
140314 1113 00532  501  02                     1213                    1858 9 
140314 1113 00000  501  28                    04303                    1858 I 
140314 1114 00003           501  02            1858                    1981 7 
140314 1114 00003  501  27                     1915                    1858 9 
140314 1114 00007  501  30                     1878                    1835 G 
140314 1114 00006  501  30                     1878                    1835 9 
140314 1114 00022  501  29                    04303                    1858 H 
140314 1115 00620           501  01            1858                    1438 7 
140314 1115 00501  501  05                     1438                    1424 9 
140314 1116 00000  501  04                     1443                    1858 I 
140314 1116 00002  501  05                                             1822 G 
140314 1116 00003  501  01                     1915                    1858 9 
140314 1116 00003           501  04            1858                    1981 7 
140314 1116 00015           501  03            1858                    1926 7 
140314 1116 00025  501  02                     1920                    1858 G 
140314 1116 00025  501  06                    04221                    1822 H 
140314 1116 00011  501  08                     1926                    1858 H 
140314 1116 00010  501  09                    01570                    1425 G 
140314 1116 00037  501  02                     1920                    1858 9 
140314 1116 00008  501  11                     1992                    1428 G 
140314 1116 00002           501  01            1850                    1981 7 
140314 1116 00002  501  07                     1205                    1850 9 
140314 1117 00003  501  12                     1443                    1858 G 
140314 1117 00012           501  03            1822                   04221 7 
140314 1117 00004  501  13                     1015                    1853 G 
140314 1118 00051  501  12                     1443                    1858 9 
140314 1118 00112  501  13                     1015                    1853 9 
140314 1119 00003  501  14                     1213                    1858 G 
140314 1119 00208           501  01            1822                    1837 7 
140314 1119 00307  501  05                                             1822 9 
140314 1119 00027  501  14                     1213                    1858 9 
140314 1119 00002  501  15                                             1822 G 
140314 1119 00246  501  11                     1992                    1428 9 
140314 1120 00004  501  16                     1844                    1822 G 
140314 1120 00410  501  09                    01570                    1425 9 
140314 1121 00141  501  15                                             1822 9 
140314 1121 00053  501  16                     1844                    1822 9 
140314 1122 00455  501  10               9200480481                    1440 9 
140314 1122 00445           501  02            1440                   01440 7 
140314 1122 00003  501  17                                             1822 G 
140314 1122 00020  501  17                                             1822 9 
140314 1122 00006  501  18                   011018                    1853 G 
140314 1123 00300           501  01            1429                    1443 7 
140314 1123 00003  501  19                     1443                    1428 G 
140314 1123 00117  501  18                   011018                    1853 9 
140314 1124 00018  501  20                     1878                    1835 H 
140314 1126 00044           501  04            1835                    4101 7 
140314 1126 00027  501  21                     1828                    1835 G 
140314 1126 00128           501  03            1858                   04303 7 
140314 1127 00101  501  21                     1828                    1835 9 
140314 1128 00043           501  03            1858                    1915 7 
140314 1128 00006           501  03            1822                    1840 7 
140314 1129 00002           501  03            1853                    1981 7 
140314 1129 00003  501  22                     4076                    1853 9 
140314 1129 00009  501  23                     1828                    1835 G 
140314 1129 00002  501  24                     4076                    1853 G 
140314 1130 00238           501  04            1424                    1226 7 
140314 1130 00000  501  25                   011035                    1855 I 
140314 1130 00003  501  26                     4091                    1822 G 
140314 1130 00000  501  27                   011035                    1855 I 
140314 1131 00000  501  28                   011035                    1855 I 
140314 1131 00527           501  05            1440                    1955 7 
140314 1131 00014           501  03            1871            989190005790 7 
140314 1131 00043  501  26                     4091                    1822 9 
140314 1131 00241  501  23                     1828                    1835 9 
140314 1131 00746           501  01            1429                    1520 7 
140314 1132 00003           501  03            1858                    1981 7 
140314 1132 00003  501  29                     1920                    1858 9 
140314 1132 00331  501  24                     4076                    1853 9 
140314 1132 00011  501  30                     1945                    1853 G 
140314 1133 00118           501  01            1835             89535528937 7 
140314 1133 00002  501  03                    01826                    1858 G 
140314 1133 01131           501  02            1860                  114544 7 
140314 1133 00013           501  01            1835             89043932432 7 
140314 1134 00040           501  05            1822                    4333 7 
140314 1134 00018           501  02            1856            989056638642 7 
140314 1134 00152  501  30                     1945                    1853 9 
140314 1135 00000  501  04                     1015                    1855 I 
140314 1135 00003           501  04            1853                    1981 7 
140314 1135 00003  501  05                     1015                    1853 9 
140314 1136 00002  501  06                                             1822 G 
140314 1136 00258  501  03                    01826                    1858 9 
140314 1136 00000  501  08                     1955                    1441 H 
140314 1137 00001  501  09                     1955                    1441 H 
140314 1137 00043  501  06                                             1822 9 
140314 1137 00001  501  10                     1955                    1440 H 
140314 1137 00002           501  02            1427            989506025105 7 
140314 1137 00029  501  07                    01570                    1425 H 
140314 1137 00012           501  02            1822                    1837 7 
140314 1137 00004  501  11                     1955                    1440 G 
140314 1137 00002  501  12                     1837                    1822 G 
140314 1137 00010  501  12                     1837                    1822 9 
140314 1137 00003  501  13                     1944                    1858 G 
140314 1138 00004  501  14                     1225                    1822 G 
140314 1138 00044           501  03            1427            989092888777 7 
140314 1138 00002  501  15                     1967                    1429 G 
140314 1138 00029  501  14                     1225                    1822 9 
140314 1138 00115  501  11                     1955                    1440 9 
140314 1138 00024  501  15                     1967                    1429 9 
140314 1140 00022  501  16                     1828                    1835 H 
140314 1140 00004  501  17                     1463                    1853 G 
140314 1141 00021  501  18                     1226                    1428 H 
140314 1142 00336           501  02            1856                92339017 7 
140314 1142 00027           501  04            1882                    1924 7 
140314 1142 00032           501  02            1856                   04237 7 
140314 1142 00455  501  13                     1944                    1858 9 
140314 1143 00008  501  20                     1955                    1440 G 
140314 1143 00218  501  17                     1463                    1853 9 
140314 1144 02043  501  19                     1443                    1428 9 
140314 1144 00009           501  02            1427                92183449 7 
140314 1144 00124  501  20                     1955                    1440 9 
140314 1144 00004  501  21                     1944                    1822 G 
140314 1144 00008  501  21                     1944                    1822 9 
140314 1144 00006  501  22                    04221                    1822 G 
140314 1145 00012  501  22                    04221                    1822 9 
140314 1145 00017           501  02            1858                    1922 7 
140314 1145 00005  501  23                     4105                    1858 G 
140314 1145 00008  501  24                     1955                    1440 G 
140314 1146 00112  501  23                     4105                    1858 9 
140314 1147 00004  501  25                     1520                    1429 G 
140314 1147 00023  501  26                     1416                    1858 H 
140314 1148 00247  501  24                     1955                    1440 9 
140314 1148 00102  501  25                     1520                    1429 9 
140314 1149 01509           501  01            1835                92736761 7 
140314 1149 00002  501  27                     1944                    1424 9 
140314 1149 00002           501  01            1424                    1981 7 
140314 1149 00002  501  28                     1944                    1428 G 
140314 1150 01006           501  03            1854                94103339 7 
140314 1150 00517           501  04            1424                    1443 7 
140314 1150 00442           501  02            1457                    4400 7 
140314 1151 00150  501  28                     1944                    1428 9 
140314 1152 00003  501  29                     1976                    1822 G 
140314 1153 00034  501  29                     1976                    1822 9 
140314 1153 00000  501  30                     1909                    1855 I 
140314 1153 00343           501  01            1835                    1828 7 
140314 1153 00003  501  02                     1909                    1853 G 
140314 1154 00002  501  03                   071541                    1860 G 
140314 1154 00520           501  05            1850            989127603152 7 
140314 1154 00003  501  06                     1844                    1822 G 
140314 1155 00021           501  05            1881                    4151 7 
140314 1155 00049           501  01            1858                   01570 7 
140314 1155 00011  501  07                     1926                    1858 G 
140314 1155 00022  501  06                     1844                    1822 9 
140314 1156 00142           501  04            1835                   23939 7 
140314 1156 00259  501  02                     1909                    1853 9 
140314 1157 00024  501  08                    01826                    1858 H 
140314 1158 00347  501  07                     1926                    1858 9 
140314 1158 00003  501  09                     1926                    1858 G 
140314 1158 00003  501  10                     1837                    1822 G 
140314 1159 00013  501  09                     1926                    1858 9 
140314 1159 00023  501  10                     1837                    1822 9 
140314 1159 00003  501  11                    01826                    1858 G 
140314 1159 00000  501  12               8312480000                    1855 I 
140314 1159 00003  501  13                    01221                    1854 G 
140314 1159 00534  501  03                   071541                    1860 9 
140314 1159 00035  501  11                    01826                    1858 9 
140314 1200 00226           501  01            1850            989103989290 7 
140314 1200 00031  501  13                    01221                    1854 9 
140314 1200 00121           501  02            1821                    1443 7 
140314 1201 00009  501  14                     1226                    1428 G 
140314 1201 00144           501  04            1425                92484699 7 
140314 1203 00227  501  14                     1226                    1428 9 
140314 1205 00002  501  15                     1443                    1821 G 
140314 1205 00002  501  16                                             1822 G 
140314 1206 00052  501  15                     1443                    1821 9 
140314 1206 00045  501  16                                             1822 9 
140314 1206 00322           501  01            1881                   24303 7 
140314 1207 00010  501  17                                             1822 G 
140314 1207 00113           501  04            1856                92339032 7 
140314 1207 00132           501  02            1850            989658448671 7 
140314 1207 00050           501  01            1835                    1828 7 
140314 1208 00110  501  17                                             1822 C 
140314 1209 00130           501  02            1835                    1421 7 
140314 1209 00131           501  03            1818                    1611 7 
140314 1210 00013           501  02            1835                    1015 7 
140314 1210 00000  501  18                     1015                    1855 I 
140314 1210 00016           501  01            1835             89081611470 7 
140314 1210 00000  501  20                     1015                    1855 I 
140314 1210 00003  501  21                     1015                    1850 G 
140314 1210 00026  501  19                     1015                    1853 G 
140314 1211 00043  501  21                     1015                    1850 9 
140314 1212 00023           501  01            1853                    1298 7 
140314 1212 00110  501  19                     1015                    1853 9 
140314 1213 00051           501  01            1821                    1443 7 
140314 1213 00002  501  22                                             1822 G 
140314 1213 00006  501  22                                             1822 9 
140314 1214 00002  501  23                                             1822 G 
140314 1220 00602  501  23                                             1822 C 
140314 1220 00006  501  24                     1301                    1822 G 
140314 1221 00036  501  24                     1301                    1822 9 
140314 1221 00002  501  25                    04237                    1856 G 
140314 1222 00002  501  26                                             1822 G 
140314 1223 00127  501  25                    04237                    1856 9 
140314 1224 00325           501  01            1821                    1438 7 
140314 1226 00253           501  02            1427            989202557961 7 
140314 1229 00003  501  27                     1551                    1858 G 
140314 1230 00321           501  01            1427            984994001254 7 
140314 1231 00004  501  28                    04181                    1822 G 
140314 1231 00018  501  28                    04181                    1822 9 
140314 1232 00218  501  27                     1551                    1858 9 
140314 1232 01020  501  26                                             1822 C 
140314 1232 00002  501  29                    04304                    1425 G 
140314 1233 00002  501  30                     1967                    1853 G 
140314 1233 00106  501  29                    04304                    1425 9 
140314 1234 00012  501  01                     1878                    1826 G 
140314 1234 00105  501  30                     1967                    1853 9 
140314 1235 00042  501  01                     1878                    1826 9 
140314 1235 00304           501  02            1858                    1438 7 
140314 1235 00006  501  04                    01570                    1440 G 
140314 1235 00001  501  05                     1839                    1821 H 
140314 1235 00005  501  06                     1839                    1822 G 
140314 1235 00021  501  06                     1839                    1822 9 
140314 1235 00012  501  07                     4151                    1822 G 
140314 1235 00042           501  03            1853            989082324551 7 
140314 1235 00006  501  07                     4151                    1822 9 
140314 1237 00200  501  04                    01570                    1440 9 
140314 1237 00140           501  01            1858                   01548 7 
140314 1238 00003  501  08                     1842                    1835 G 
140314 1240 00234  501  08                     1842                    1835 9 
140314 1241 00001  501  09               8312205711                    1983 9 
140314 1242 00006  501  11               8312205015                    1983 9 
140314 1242 00019  501  10                                             1822 G 
140314 1242 00028  501  10                                             1822 9 
140314 1243 00002  501  12                    01826                    1858 G 
140314 1244 00151           501  02            1856            989159588512 7 
140314 1244 00044  501  12                    01826                    1858 9 
140314 1244 00003           501  04            1822                    1981 7 
140314 1244 00003  501  13                                             1822 9 
140314 1244 00004  501  14                     1421                    1835 G 
140314 1244 00030           501  02            1858                   01570 7 
140314 1245 00015  501  14                     1421                    1835 9 
140314 1245 00025  501  15                     1944                    1858 H 
140314 1245 00000  501  17               8312725030                    1885 H 
140314 1245 00026  501  16                    04221                    1822 H 
140314 1245 00621           501  01            1853            989081517071 7 
140314 1246 00128           501  02            1858                   04304 7 
140314 1247 00001           501  02            1858                    1551 7 
140314 1247 00027  501  19                    04221                    1822 H 
140314 1247 00003  501  20                     1551                    1858 G 
140314 1247 00054           501  01            1853            989107902849 7 
140314 1247 00116  501  18               8312725030                    1853 H 
140314 1247 00036  501  20                     1551                    1858 9 
140314 1248 00002  501  21                     1221                    1854 G 
140314 1248 00027  501  21                     1221                    1854 9 
140314 1249 00211           501  06            1821                  015573 7 
140314 1249 00247           501  05            1856            989107935829 7 
140314 1250 00007           501  01            1856            988313062337 7 
140314 1251 00028  501  22                   015530                    1821 G 
140314 1252 00134           501  01            1821                  014550 7 
140314 1252 00003  501  23                     1401                    1818 G 
140314 1252 00035           501  02            1856            989648389950 7 
140314 1252 00003  501  24                                             1822 G 
140314 1253 00021  501  25                     4091                    1822 H 
140314 1254 00144  501  23                     1401                    1818 9 
140314 1254 00014  501  26                     4101                    1822 H 
140314 1254 00122  501  24                                             1822 9 
140314 1254 00148           501  05            1858                   01826 7 
140314 1254 00244  501  22                   015530                    1821 9 
140314 1255 00945           501  04            1835             89535528937 7 
140314 1255 00141           501  01            1856            989047811379 7 
140314 1256 00003  501  27                     1944                    1441 G 
140314 1256 00042           501  01            1856                92339032 7 
140314 1257 00016           501  01            1856                92339032 7 
140314 1257 00102  501  27                     1944                    1441 9 
140314 1257 00017  501  28                     4202                    1851 H 
140314 1257 00018  501  29                     4202                    1853 H 
140314 1258 00002  501  30                     4202                    1850 G 
140314 1258 00002  501  02                    04304                    1858 G 
140314 1258 00030           501  01            1856            989107935829 7 
140314 1300 00002  501  04                    04221                    1822 G 
140314 1300 00017  501  04                    04221                    1822 9 
140314 1300 00002  501  05                     4161                    1822 G 
140314 1301 00002           501  04            1822                    1981 7 
140314 1301 00002  501  06                                             1822 9 
140314 1301 00306  501  02                    04304                    1858 9 
140314 1301 00339  501  30                     4202                    1850 9 
140314 1302 00131           501  01            1856            989527706728 7 
140314 1302 00000  501  08                     1421                    1822 I 
140314 1303 00002           501  01            1822                    1981 7 
140314 1303 00003  501  07                                             1822 9 
140314 1303 00244  501  05                     4161                    1822 9 
140314 1303 00004  501  09                     1421                    1822 G 
140314 1303 00034  501  09                     1421                    1822 9 
140314 1304 00002  501  10                    04304                    1858 G 
140314 1304 00002  501  11                     4091                    1822 G 
140314 1304 00007  501  11                     4091                    1822 9 
140314 1304 00021  501  10                    04304                    1858 9 
140314 1305 00015           501  01            1858                    1551 7 
140314 1305 02528           501  03            1427                92183449 7 
140314 1306 00025           501  01            1856            989107935829 7 
140314 1307 00013  501  12               8312725025                    1440 G 
140314 1307 00003  501  13                                             1822 G 
140314 1307 00011  501  14                     1922                    1851 H 
140314 1307 00023  501  12               8312725025                    1440 9 
140314 1307 00002  501  15                     1922                    1858 G 
140314 1307 00005  501  16                    04302                    1440 G 
140314 1309 00007           501  01            1427            989202557961 7 
140314 1309 00140  501  16                    04302                    1440 9 
140314 1309 00003       13  501  01            1827                    1981 7 
140314 1310 00011  501  18                    01826                    1858 G 
140314 1310 00022  501  17                     1611                    1835 H 
140314 1311 00101           501  01            1822                   22143 7 
140314 1312 00135  501  18                    01826                    1858 9 
140314 1312 00446  501  15                     1922                    1858 9 
140314 1314 00004  501  19                                             1822 G 
140314 1314 00028           501  02            1856                92339032 7 
140314 1315 00026  501  20                     4072                    1835 H 
140314 1317 00236  501  19                                             1822 9 
140314 1317 00003  501  21                    04221                    1822 G 
140314 1317 00010  501  21                    04221                    1822 9 
140314 1318 00007           501  02            1853                92218618 7 
140314 1318 00030  501  22                    04304                    1858 H 
140314 1319 00704           501  01            1858                    1922 7 
140314 1319 00000  501  23                   011032                    1855 I 
140314 1320 00213           501  02            1853                92488575 7 
140314 1320 00027           501  01            1858                   04304 7 
140314 1320 00030  501  24                    04302                    1851 H 
140314 1321 00002  501  25                    04302                    1853 G 
140314 1321 00116           501  03            1427            989202557961 7 
140314 1321 00002  501  26                    04304                    1858 G 
140314 1322 00103  501  25                    04302                    1853 9 
140314 1322 00045  501  26                    04304                    1858 9 
140314 1322 00005  501  27               8312739911                    1440 G 
140314 1322 00026  501  27               8312739911                    1440 9 
140314 1323 00022  501  28                     4072                    1819 H 
140314 1324 00002  501  29                    01401                    1818 G 
140314 1325 00049  501  29                    01401                    1818 9 
140314 1325 00002  501  30                                             1822 G 
140314 1327 00002  501  02                     4233                    1856 G 
140314 1327 00003  501  03                     1944                    1853 G 
140314 1328 00055  501  02                     4233                    1856 9 
140314 1329 00312  501  30                                             1822 9 
140314 1329 00003  501  04                    04221                    1822 G 
140314 1329 00010  501  04                    04221                    1822 9 
140314 1329 00013  501  05                                             1822 G 
140314 1330 00319  501  03                     1944                    1853 9 
140314 1330 00002           501  02            1822                    1436 7 
140314 1330 00040  501  05                                             1822 9 
140314 1332 00017           501  02            1858                   01226 7 
140314 1332 00711           501  01            1881                    4151 7 
140314 1333 00002  501  06                    01826                    1858 G 
140314 1334 00005  501  07                    01401                    1818 G 
140314 1334 00124  501  06                    01826                    1858 9 
140314 1335 00152           501  01            1441                94318803 7 
140314 1335 00102  501  07                    01401                    1818 9 
140314 1336 00000  501  08               8312725030                    1885 H 
140314 1336 00033           501  01            1437            989202914888 7 
140314 1336 00000  501  09               8312725030                    1885 H 
140314 1337 00002  501  10                     1551                    1425 G 
140314 1337 00015  501  10                     1551                    1425 9 
140314 1337 00129           501  03            1856                92339032 7 
140314 1338 00003  501  11                     1701                    1822 G 
140314 1338 00003  501  12                     4092                    1821 G 
140314 1338 00012  501  12                     4092                    1821 9 
140314 1338 00029  501  11                     1701                    1822 9 
140314 1339 00018           501  02            1882                    1551 7 
140314 1339 00011  501  13               8352552300                    1983 9 
140314 1339 00000  501  14               4959261399                    1885 H 
140314 1339 00002  501  15                   011068                    1821 G 
140314 1342 00003  501  16                     1811                    1822 G 
140314 1343 00007  501  16                     1811                    1822 9 
140314 1343 00008  501  17                   016300                    1431 G 
140314 1343 00400  501  15                   011068                    1821 9 
140314 1346 00313  501  17                   016300                    1431 9 
140314 1346 00005  501  18                     1844                    1822 G 
140314 1347 00233           501  02            1427            989202557961 7 
140314 1347 00048  501  18                     1844                    1822 9 
140314 1349 00609           501  01            1835                   23939 7 
140314 1350 00002           501  02            1853                    1967 7 
140314 1351 00002  501  19                                             1822 G 
140314 1352 00109  501  19                                             1822 9 
140314 1357 00019           501  01            1821                  015573 7 
140314 1400 00028           501  02            1858                    1442 7 
140314 1400 00003  501  20                     1611                    1835 G 
140314 1400 00037           501  02            1858                   01826 7 
140314 1401 00231           501  01            1440                    1955 7 
140314 1402 00140  501  20                     1611                    1835 9 
140314 1402 00011  501  21                                             1822 G 
140314 1402 00013  501  21                                             1822 9 
140314 1406 00508           501  02            1856            989535760179 7 
140314 1411 00004  501  23                     1967                    1429 G 
140314 1411 00026           501  01            1835                    4071 7 
140314 1411 00002           501  03            1526                    1981 7 
140314 1411 00002  501  22                     1221                    1526 9 
140314 1412 00102           501  02            1856            989308160713 7 
140314 1412 00002  501  24                     1221                    1425 G 
140314 1413 00003  501  25                     4150                    1860 G 
140314 1414 00122  501  24                     1221                    1425 9 
140314 1414 00253  501  23                     1967                    1429 9 
140314 1414 00128  501  25                     4150                    1860 9 
140314 1415 00002  501  26                     1520                    1425 G 
140314 1415 00008  501  26                     1520                    1425 9 
140314 1415 00010  501  27                     1520                    1424 G 
140314 1416 00002  501  28                     1967                    1853 G 
140314 1416 00306           501  01            1856            989047962062 7 
140314 1417 00107  501  27                     1520                    1424 9 
140314 1418 00017  501  29               8312481288                    1983 9 
140314 1418 00223  501  28                     1967                    1853 9 
140314 1419 00038           501  03            1835                    4161 7 
140314 1419 00122           501  02            1858                    1442 7 
140314 1419 00015  501  30               8312481288                    1983 9 
140314 1419 00154           501  01            1856                92339032 7 
140314 1419 00003  501  01                     1811                    1835 G 
140314 1420 00010  501  01                     1811                    1835 9 
140314 1421 00017  501  02               9506169105                    1983 9 
140314 1422 00003  501  03                     1442                    1858 G 
140314 1422 00011  501  03                     1442                    1858 9 
140314 1422 00219           501  01            1856            989101336587 7 
140314 1423 00003  501  04               8312221966                    1821 G 
140314 1424 00135           501  01            1850                    4233 7 
140314 1424 00131  501  04               8312221966                    1821 9 
140314 1425 00004  501  05                     4072                    1835 G 
140314 1426 00002  501  06                    01826                    1858 G 
140314 1426 00037  501  06                    01826                    1858 9 
140314 1427 00008           501  01            1457                    4400 7 
140314 1427 00136  501  05                     4072                    1835 9 
140314 1430 00036           501  03            1821                    1443 7 
140314 1432 01044           501  02            1881                    1878 7 
140314 1432 00002  501  07                    01570                    1425 G 
140314 1434 00000  501  08               8312480000                    1855 I 
140314 1434 00639           501  01            1860                  114544 7 
140314 1434 00234  501  07                    01570                    1425 9 
140314 1434 00002  501  09                     4091                    1822 G 
140314 1434 00007  501  09                     4091                    1822 9 
140314 1435 00030           501  02            1853            989120202022 7 
140314 1436 00016  501  10               4996080143                    1983 9 
140314 1436 00000  501  11               8312480000                    1855 I 
140314 1437 00003  501  12                    01826                    1858 G 
140314 1437 00000  501  13               8312480000                    1855 I 
140314 1437 00005  501  14               4996080143                    1983 9 
140314 1437 00000  501  15                   101632                    1860 I 
140314 1437 00000  501  16                   101632                    1860 I 
140314 1437 00000  501  17                   101632                    1860 I 
140314 1438 00000  501  18                   101717                    1860 I 
140314 1438 00114  501  12                    01826                    1858 9 
140314 1438 00005  501  19                    01826                    1821 G 
140314 1438 00415           501  01            1860                  016234 7 
140314 1439 00000  501  20                     1015                    1855 I 
140314 1439 00050  501  19                    01826                    1821 9 
140314 1439 00018  501  21                     1015                    1853 G 
140314 1440 00003  501  22                     1926                    1822 G 
140314 1440 00002           501  02            1835                    1015 7 
140314 1440 00020  501  22                     1926                    1822 9 
140314 1440 00001  501  24                   101632                    1860 G 
140314 1440 00002  501  23                    04349                    1822 G 
140314 1440 00048           501  01            1853                    1925 7 
140314 1440 00122  501  21                     1015                    1853 9 
140314 1441 00031  501  23                    04349                    1822 9 
140314 1441 00006           501  02            1822                    1926 7 
140314 1441 00002  501  25                    01826                    1858 G 
140314 1441 00108  501  24                   101632                    1860 9 
140314 1442 00002  501  26                    04349                    1822 G 
140314 1442 00049  501  25                    01826                    1858 9 
140314 1442 00015  501  26                    04349                    1822 9 
140314 1443 00007           501  03            1822                    1926 7 
140314 1443 00240           501  01            1881                    4151 C 
140314 1444 00115           501  02            1858                    1438 7 
140314 1444 00004  501  27                                             1822 G 
140314 1445 00053           501  01            1858                   04304 7 
140314 1445 00050  501  27                                             1822 9 
140314 1447 00002  501  28                     1926                    1858 G 
140314 1448 00016  501  29                                             1983 9 
140314 1448 00002  501  30                     1810                    1835 G 
140314 1448 00114  501  28                     1926                    1858 9 
140314 1449 00046           501  01            1858                    1926 7 
140314 1450 00003  501  01                    04349                    1822 G 
140314 1450 00010  501  01                    04349                    1822 9 
140314 1451 00257  501  30                     1810                    1835 9 
140314 1452 00008           501  01            1835                    1810 7 
140314 1453 00004  501  03               8312725199                    1440 G 
140314 1453 00002  501  04                     4192                    1822 G 
140314 1453 00033  501  04                     4192                    1822 9 
140314 1455 00059           501  04            1822                    4171 7 
140314 1455 00002  501  05                     4201                    1822 G 
140314 1455 00151           501  01            1856                92339032 7 
140314 1456 00021  501  05                     4201                    1822 9 
140314 1457 00412  501  03               8312725199                    1440 9 
140314 1458 00003  501  06                     4151                    1821 G 
140314 1458 00001  501  07                                             1822 G 
140314 1459 00102           501  01            1824                92724079 7 
140314 1500 00149  501  07                                             1822 9 
140314 1500 00000  501  08                   011036                    1855 I 
140314 1500 00000  501  09                   011036                    1855 I 
140314 1501 00017  501  10               9209358395                    1983 9 
140314 1502 00016  501  11                    01826                    1858 H 
140314 1502 00014           501  01            1858                    1442 7 
140314 1505 00647  501  06                     4151                    1821 9 
140314 1505 00016  501  12               9519041741                    1983 9 
140314 1505 00016  501  13                    01826                    1858 H 
140314 1505 00017  501  14               9506169105                    1983 9 
140314 1505 00003           501  04            1835                92736761 7 
140314 1506 00016  501  15               9209358395                    1983 9 
140314 1506 00004  501  16                    01570                    1858 G 
140314 1506 00014  501  17                    01826                    1858 H 
140314 1507 00420           501  03            1822                    4161 C 
140314 1507 00231           501  01            1822                    1472 C 
140314 1507 00116  501  16                    01570                    1858 9 
140314 1508 00022           501  03            1858                   01826 7 
140314 1508 00016           501  01            1858                    1915 7 
140314 1509 00002  501  18                    04021                    1822 G 
140314 1509 00017  501  19               8316150123                    1983 9 
140314 1509 00018  501  18                    04021                    1822 9 
140314 1510 00122           501  01            1425             89873946642 7 
140314 1511 00004  501  21                                             1822 G 
140314 1511 00016  501  20               8316150123                    1983 9 
140314 1511 00017  501  22               9047962062                    1983 9 
140314 1512 00007  501  23                     1920                    1853 G 
140314 1512 00003  501  24                                             1822 G 
140314 1513 00018  501  24                                             1822 9 
140314 1513 00006  501  25                                             1822 G 
140314 1513 00122           501  01            1858                    1926 7 
140314 1515 00028  501  26                     1915                    1858 H 
140314 1515 00000  501  27                     4076                    1855 I 
140314 1515 00000  501  28                   011036                    1855 I 
140314 1515 00014  501  29                     4076                    1853 G 
140314 1516 00202           501  01            1853                    3070 7 
140314 1516 00419  501  23                     1920                    1853 9 
140314 1517 00004  501  01                    04301                    1858 G 
140314 1517 00016  501  30               8316150123                    1983 9 
140314 1517 00035  501  01                    04301                    1858 9 
140314 1518 00242  501  29                     4076                    1853 9 
140314 1518 00125           501  03            1835             89043932432 7 
140314 1519 00012           501  04            1882             89873946642 7 
140314 1519 02607           501  02            1860                  114544 7 
140314 1520 00000  501  02                   011024                    1855 I 
140314 1521 00316           501  01            1858                   01960 7 
140314 1521 00002           501  03            1856            989524515075 7 
140314 1522 00010           501  01            1858                   04301 7 
140314 1522 00011           501  01            1858                    1915 7 
140314 1522 00000  501  04                   011024                    1855 I 
140314 1523 00041           501  01            1429                    1954 7 
140314 1523 00016  501  05               9209358395                    1983 9 
140314 1524 00027  501  06                    01826                    1858 H 
140314 1524 00259           501  02            1853                92600035 7 
140314 1524 00008  501  07                    01826                    1858 G 
140314 1524 00026           501  01            1856                92339032 7 
140314 1525 00012  501  08                     1015                    1853 G 
140314 1525 00124  501  07                    01826                    1858 9 
140314 1526 00307           501  03            1856            989100063363 7 
140314 1526 00017           501  02            1856                92339032 7 
140314 1528 00016  501  09                    01570                    1425 G 
140314 1528 00009  501  09                    01570                    1425 9 
140314 1529 00009           501  02            1858                   01255 7 
140314 1529 00004  501  10                     1810                    1818 G 
140314 1529 00256           501  01            1853                    3070 7 
140314 1529 00412  501  08                     1015                    1853 9 
140314 1531 00132  501  10                     1810                    1818 9 
140314 1531 00107           501  01            1882             89873946642 7 
140314 1531 00016  501  11                     1213                    1428 G 
140314 1532 00057           501  02            1858            989101203868 7 
140314 1532 00020  501  12                    01570                    1425 G 
140314 1533 00002  501  13                                             1822 G 
140314 1533 00036  501  12                    01570                    1425 9 
140314 1533 00027  501  13                                             1822 9 
140314 1533 00120           501  01            1858                   04301 7 
140314 1534 00003  501  14                                             1822 G 
140314 1535 00021  501  14                                             1822 9 
140314 1535 00317  501  11                     1213                    1428 9 
140314 1535 00027  501  15                     1226                    1858 H 
140314 1536 00050           501  01            1821                92610000 7 
140314 1538 00002  501  16                    01570                    1425 G 
140314 1539 00002  501  17                                             1822 G 
140314 1539 00119  501  16                    01570                    1425 9 
140314 1539 00019           501  01            1858                    1915 7 
140314 1539 00003  501  18                     3077                    1854 G 
140314 1540 00114           501  01            1425                    1944 7 
140314 1541 00152           501  02            1822                92338830 7 
140314 1541 00209  501  17                                             1822 9 
140314 1541 00144  501  18                     3077                    1854 9 
140314 1543 00002  501  19                     4072                    1835 G 
140314 1544 00002  501  20                     1255                    1858 G 
140314 1544 00027  501  20                     1255                    1858 9 
140314 1544 00003  501  21                                             1822 G 
140314 1545 00030  501  21                                             1822 9 
140314 1545 00134  501  19                     4072                    1835 9 
140314 1545 00014  501  22                     1878                    1826 H 
140314 1545 00013  501  23                     1878                    1824 H 
140314 1547 00001  501  24                     1944                    1425 G 
140314 1548 00052           501  01            1818                    1823 7 
140314 1549 00031           501  02            1821                  014550 7 
140314 1550 00237  501  24                     1944                    1425 9 
140314 1550 00007  501  25                     4161                    1822 G 
140314 1550 00002  501  26                     1926                    1858 G 
140314 1550 00022           501  01            1425                    1944 7 
140314 1550 00033  501  25                     4161                    1822 9 
140314 1552 00155  501  26                     1926                    1858 9 
140314 1554 00030           501  01            1853            989023014334 7 
140314 1555 00003  501  27                     1226                    1858 G 
140314 1556 00050  501  27                     1226                    1858 9 
140314 1556 00038           501  02            1854                    1226 7 
140314 1558 00002  501  28                    04303                    1858 G 
140314 1559 00027  501  28                    04303                    1858 9 
140314 1559 00015  501  29               9200095169                    1983 9 
140314 1559 00044           501  01            1441            989219625226 7 
140314 1601 00135           501  01            1818                    1421 7 
140314 1602 00025  501  30                     1960                    1858 H 
140314 1602 00031           501  03            1856            989307051716 7 
140314 1603 00021  501  04                     1944                    1858 H 
140314 1603 00047           501  03            1856                92339032 7 
140314 1603 00215           501  02            1881                   24303 7 
140314 1605 00232           501  05            1440            989200480481 7 
140314 1605 00020           501  02            1854            989190279676 7 
140314 1606 00000  501  06                    04301                    1858 I 
140314 1606 00003           501  02            1858                    1981 7 
140314 1606 00003  501  05                     1926                    1858 9 
140314 1607 00018  501  07                     1213                    1858 H 
140314 1607 00334           501  01            1858                    1960 7 
140314 1607 00139           501  03            1856            989030418347 7 
140314 1608 00051           501  02            1821            989625111904 7 
140314 1608 00002  501  08                    04301                    1858 G 
140314 1609 00014  501  09               9023045912                    1983 9 
140314 1609 00051  501  08                    04301                    1858 9 
140314 1611 00037           501  02            1854                   04237 7 
140314 1614 00422           501  01            1856            989519056368 7 
140314 1615 00002  501  10                     1926                    1858 G 
140314 1615 00002  501  11                     1828                    1822 G 
140314 1616 00107  501  11                     1828                    1822 9 
140314 1617 00530           501  02            1821            988005001010 7 
140314 1617 00016  501  12               9307051716                    1983 9 
140314 1617 00058           501  03            1856                92339032 7 
140314 1618 00305  501  10                     1926                    1858 9 
140314 1618 00022  501  13                     1421                    1426 H 
140314 1619 00011  501  14               9307051716                    1983 9 
140314 1619 00016  501  15               9307051716                    1983 9 
140314 1619 00002  501  16                     1944                    1853 G 
140314 1620 00147           501  01            1858                    1438 7 
140314 1620 00056  501  16                     1944                    1853 9 
140314 1620 00024           501  01            1858                   04301 7 
140314 1621 00005  501  17                    01426                    1858 G 
140314 1622 00000  501  18                   011018                    1855 I 
140314 1622 00145           501  02            1853                   01570 7 
140314 1622 00006  501  19                   011018                    1853 G 
140314 1623 00047  501  19                   011018                    1853 9 
140314 1623 00103           501  01            1856            989040546019 7 
140314 1625 00005  501  20                     1213                    1854 G 
140314 1625 00000  501  21                     1015                    1855 I 
140314 1625 00013  501  20                     1213                    1854 9 
140314 1625 00054           501  01            1853                    1945 7 
140314 1625 00011  501  22                     1015                    1850 G 
140314 1627 00120           501  01            1856                92339032 7 
140314 1627 00011  501  23                     1944                    1858 H 
140314 1628 00010  501  24                     4092                    1821 G 
140314 1628 00356           501  02            1856            989506180886 7 
140314 1629 00104  501  24                     4092                    1821 9 
140314 1629 00111           501  01            1853                   04302 7 
140314 1629 00808  501  17                    01426                    1858 9 
140314 1632 00009  501  25                     1944                    1428 G 
140314 1632 00036  501  25                     1944                    1428 9 
140314 1634 00002  501  26                     1920                    1858 9 
140314 1634 00002           501  01            1858                    1981 7 
140314 1634 00915  501  22                     1015                    1850 9 
140314 1634 00000  501  27                     1935                    1855 I 
140314 1635 00002  501  28                     1935                    1850 9 
140314 1635 00002           501  01            1850                    1981 7 
140314 1635 00000  501  29                     1935                    1855 I 
140314 1635 00017  501  30                     1935                    1850 H 
140314 1639 00024           501  02            1856            989503622868 7 
140314 1640 00354           501  01            1853                92330443 7 
140314 1641 00008  501  02                     1221                    1821 G 
140314 1641 00026  501  01                     1967                    1424 H 
140314 1642 00109  501  02                     1221                    1821 9 
140314 1645 00029           501  02            1853                    1221 7 
140314 1646 00417           501  01            1856            989043980422 7 
140314 1648 00002  501  03                     1945                    1853 G 
140314 1649 00311           501  01            1856                92339032 7 
140314 1655 00623  501  03                     1945                    1853 9 
140314 1656 00614           501  01            1856            989506065776 7 
140314 1701 00014           501  01            1431            989101045982 7 
140314 1701 00006           501  01            1431            989101045982 7 
140314 1702 00001  501  04                                             1822 G 
140314 1703 00010           501  02            1431            989101045982 7 
140314 1704 00152  501  04                                             1822 9 
140314 1706 00003  501  05                     1944                    1822 G 
140314 1707 00040  501  05                     1944                    1822 9 
140314 1718 00002  501  06                     4302                    1822 G 
140314 1719 00043  501  06                     4302                    1822 9 
140314 1721 00003  501  07                                             1822 G 
140314 1722 00045  501  07                                             1822 9 
140314 1726 00002           501  01            1856                92339021 7 
140314 1728 00000  501  08                     4233                    1856 I 
140314 1728 00000  501  09                     4233                    1856 I 
140314 1729 00043           501  01            1856                92339021 7 
140314 1729 00000  501  10                     4233                    1856 I 
140314 1729 00024  501  11                     4233                    1851 H 
140314 1729 00019           501  01            1856                92339032 7 
140314 1729 00002  501  12                     4233                    1856 G 
140314 1730 00043  501  12                     4233                    1856 9 
140314 1732 00002  501  13                                             1822 G 
140314 1733 00100           501  01            1822                92338830 7 
140314 1733 00112  501  13                                             1822 9 
140314 1739 00042           501  01            1856            988313060221 7 
140314 1741 00002  501  14                                             1822 G 
140314 1742 00142           501  01            1856            989625048504 7 
140314 1743 00114  501  14                                             1822 9 
140314 1745 00006  501  15                    01858                    1850 G 
140314 1746 00059  501  15                    01858                    1850 9 
140314 1750 00548           501  01            1856            989519041741 7 
140314 1752 00338  501  16                   011079                    1850 H 
140314 1753 00119           501  01            1856            989200499316 7 
140314 1754 00002  501  17                    01428                    1850 G 
140314 1757 00220  501  17                    01428                    1850 9 
140314 1758 00028  501  18                     3077                    1853 H 
140314 1800 00000  501  19                     3077                    1855 I 
140314 1800 00325           501  01            1856            988313094370 7 
140314 1800 00000  501  20                     3077                    1855 I 
140314 1801 00000  501  21                     3077                    1855 I 
140314 1802 00022  501  22                     3077                    1854 H 
140314 1803 00002           501  03            1858                    1981 7 
140314 1803 00003  501  23                     3077                    1858 9 
140314 1804 00025  501  24                     3077                    1871 H 
140314 1804 00000  501  25                     3077                    1855 I 
140314 1805 00121           501  02            1821                   01443 7 
140314 1805 00002           501  04            1854                    1981 7 
140314 1805 00003  501  26                     3077                    1854 9 
140314 1805 00120           501  03            1856                92339032 7 
140314 1806 00320           501  01            1856            989063683507 7 
140314 1807 00232           501  02            1821            988005001010 7 
140314 1810 00159           501  01            1821                   01442 7 
140314 1812 00003  501  27                     3077                    1853 9 
140314 1812 00002           501  02            1853                    1981 7 
140314 1812 00000  501  28                     3077                    1855 I 
140314 1812 00213           501  01            1821                   01438 7 
140314 1813 00019  501  29                     3077                    1854 H 
140314 1813 00022  501  30                     3077                    1871 H 
140314 1814 00118           501  01            1821                   01424 7 
140314 1814 00011  501  01               9030437184                    1983 9 
140314 1814 00107           501  02            1856            989202984046 7 
140314 1826 00019  501  02                     3077                    1854 H 
140314 1826 00000  501  04                     3077                    1855 I 
140314 1826 00009  501  03                    01428                    1850 G 
140314 1827 00026  501  03                    01428                    1850 9 
140314 1827 00002  501  05                     3077                    1853 9 
140314 1827 00002           501  01            1853                    1981 7 
140314 1829 00000  501  06                   011013                    1855 I 
140314 1829 00000  501  07                   011013                    1855 I 
140314 1830 00059           501  01            1856            989159549441 7 
140314 1833 00003  501  08                     3077                    1853 9 
140314 1833 00003           501  01            1853                    1981 7 
140314 1833 00000  501  09                     3077                    1855 I 
140314 1837 00104           501  01            1856            989877535054 7 
140314 1844 00002  501  10                    01858                    1856 G 
140314 1847 00239  501  10                    01858                    1856 9 
140314 1850 00000  501  11                   011018                    1855 I 
140314 1850 00003           501  01            1853                    1981 7 
140314 1850 00003  501  12                   011018                    1853 9 
140314 1854 00030  501  13                    04301                    1858 H 
140314 1858 00000  501  14                    01858                    1856 I 
140314 1858 00216           501  02            1856                    3070 7 
140314 1900 00028           501  02            1856                92339032 7 
140314 1900 00543           501  01            1821            989027880799 7 
140314 1901 00018           501  01            1850                   01858 7 
140314 1901 00000  501  15                    01858                    1856 I 
140314 1905 00210           501  01            1822                92736976 7 
140314 1905 00439           501  02            1856                    3070 7 
140314 1907 00030  501  16                    04301                    1853 H 
140314 1907 00124           501  01            1856            989308172252 7 
140314 1908 00029  501  17                    04301                    1858 H 
140314 1909 00130           501  01            1856                   04301 7 
140314 1913 00623           501  02            1835                92736976 7 
140314 1915 00134           501  01            1856            989040468791 7 
140314 1919 00140           501  01            1856            989535760179 7 
140314 1922 00002  501  18                    01424                    1821 G 
140314 1926 00325  501  18                    01424                    1821 9 
140314 1927 00102           501  01            1822                92736976 7 
140314 1931 00008  501  19                                             1822 G 
140314 1932 00019  501  19                                             1822 9 
140314 1933 00002  501  20                    01443                    1821 G 
140314 1935 00129           501  02            1850            989081669189 7 
140314 1936 00328  501  20                    01443                    1821 9 
140314 1937 00629           501  01            1880                92736976 7 
140314 2026 00230           501  01            1856            989200445982 7 
140314 2028 00017  501  21               9049197059                    1983 9 
140314 2028 00003  501  22                     3072                    1856 G 
140314 2032 00308  501  22                     3072                    1856 9 
140314 2041 00003  501  23                    04301                    1856 G 
140314 2041 00020  501  23                    04301                    1856 9 
140314 2047 00040           501  01            1856                   01858 7 
140314 2057 00005  501  24                                             1822 G 
140314 2057 00007  501  24                                             1822 9 
140314 2102 00101           501  01            1856            989101085345 7 
140314 2109 00003  501  25                    01443                    1821 G 
140314 2111 00206  501  25                    01443                    1821 9 
140314 2145 00017  501  26               9524474072                    1983 9 
140314 2342 00003  501  27                    01443                    1821 G 
140314 2343 00041  501  27                    01443                    1821 9 
140314 2356 05130           501  01            1880            989506038907 7 
