120314 0154 00038           501  01            1822              5003742838 7 
120314 0159 00039           501  01            1821                  014550 7 
120314 0202 00012           501  01            1822                  014509 7 
120314 0234 00001  501  08                                             1822 G 
120314 0235 00102  501  08                                             1822 9 
120314 0257 00002  501  09                                             1822 G 
120314 0259 00222  501  09                                             1822 9 
120314 0301 00002  501  10                   014551                    1821 G 
120314 0302 00050  501  10                   014551                    1821 9 
120314 0306 00154           501  01            1821                  014550 7 
120314 0306 00003  501  11                                             1822 G 
120314 0307 00022  501  11                                             1822 9 
120314 0312 00349           501  01            1821                   01818 7 
120314 0330 00030           501  01            1822              5003722143 7 
120314 0332 00036           501  01            1821            988352220199 7 
120314 0337 00259           501  01            1821                   01840 7 
120314 0446 00037           501  01            1821                  014550 7 
120314 0530 00006  501  12                                             1822 G 
120314 0530 00012  501  12                                             1822 9 
120314 0621 00341           501  01            1821            988352220199 7 
120314 0621 00003  501  13                                             1822 G 
120314 0623 00052           501  01            1822                92338830 7 
120314 0623 00107  501  13                                             1822 9 
120314 0630 00014           501  01            1821            988352220199 7 
120314 0637 00004  501  14                    01839                    1821 G 
120314 0640 00236  501  14                    01839                    1821 9 
120314 0706 00001  501  15                     4021                    1822 G 
120314 0706 00027  501  15                     4021                    1822 9 
120314 0720 00002  501  16                     4192                    1822 G 
120314 0720 00016  501  16                     4192                    1822 9 
120314 0746 00003  501  17                     4091                    1821 G 
120314 0746 00039  501  17                     4091                    1821 9 
120314 0747 00013           501  01            1822                   23885 7 
120314 0813 00002  501  18                     4151                    1822 G 
120314 0813 00000  501  19                     4181                    1822 I 
120314 0813 00000  501  20                     4181                    1822 I 
120314 0815 00002  501  21                     4181                    1822 G 
120314 0816 00034  501  21                     4181                    1822 9 
120314 0819 00531  501  18                     4151                    1822 9 
120314 0820 00226           501  01            1427            989202557961 7 
120314 0823 00001  501  22                     4041                    1822 G 
120314 0823 00012  501  22                     4041                    1822 9 
120314 0823 00003           501  01            1858                    1981 7 
120314 0823 00003  501  23                     4302                    1858 9 
120314 0827 00108           501  02            1835                92458696 7 
120314 0828 00005  501  25                     4014                    1822 G 
120314 0829 00030  501  24                     4302                    1858 H 
120314 0829 00023  501  25                     4014                    1822 9 
120314 0838 00004  501  26                     4081                    1822 G 
120314 0838 00050           501  01            1821            988352220199 7 
120314 0838 00026  501  26                     4081                    1822 9 
120314 0842 00002  501  27                    04344                    1822 G 
120314 0843 00038  501  27                    04344                    1822 9 
120314 0846 00054  501  28                   011042                    1853 H 
120314 0846 00006  501  29                   011042                    1853 G 
120314 0846 00015  501  30                   071541                    1860 H 
120314 0849 00251  501  29                   011042                    1853 9 
120314 0850 00026  501  01                     1926                    1858 H 
120314 0851 00005  501  02                   071541                    1822 G 
120314 0851 00000  501  03                     1811                    1822 I 
120314 0852 00027  501  02                   071541                    1822 9 
120314 0853 00002  501  05                                             1822 G 
120314 0853 00012  501  04                     1935                    1853 G 
120314 0855 00226  501  04                     1935                    1853 9 
120314 0856 00002           501  02            1822                    1981 7 
120314 0856 00003  501  06                                             1822 9 
120314 0857 00102  501  07                   011018                    1853 H 
120314 0857 00023  501  08                     4172                    1822 G 
120314 0857 00300           501  01            1822                    1837 C 
120314 0857 00349  501  05                                             1822 C 
120314 0857 00002  501  08                     4172                    1822 9 
120314 0857 00021  501  09                   011018                    1853 G 
120314 0857 00011           501  01            1822                    4172 7 
120314 0857 00014  501  10                                             1822 9 
120314 0900 00238  501  09                   011018                    1853 9 
120314 0901 00002  501  11                     4091                    1822 G 
120314 0901 00015  501  11                     4091                    1822 9 
120314 0901 00008           501  01            1437                92330000 7 
120314 0901 00002  501  12               8312330000                    1983 9 
120314 0902 00008           501  01            1437                92330000 7 
120314 0902 00006  501  13               8312330000                    1983 9 
120314 0902 00017  501  14               8312330000                    1983 9 
120314 0902 00018           501  01            1437                92330000 7 
120314 0904 00001  501  15                     4151                    1822 G 
120314 0905 00003           501  02            1822                    1981 7 
120314 0905 00003  501  16                                             1822 9 
120314 0906 00003           501  02            1822                    1981 7 
120314 0906 00003  501  17                                             1822 9 
120314 0906 00002           501  02            1822                    1981 7 
120314 0906 00003  501  18                                             1822 9 
120314 0907 00234  501  15                     4151                    1822 9 
120314 0907 00003  501  20                                             1822 G 
120314 0907 00002  501  19                     1221                    1425 9 
120314 0907 00002           501  02            1425                    1981 7 
120314 0907 00020  501  20                                             1822 9 
120314 0907 00018  501  21                     1221                    1425 H 
120314 0907 00003  501  22                   011030                    1850 G 
120314 0908 00025  501  23                     4302                    1858 H 
120314 0908 00002  501  24                     4111                    1822 G 
120314 0908 00026  501  24                     4111                    1822 9 
120314 0908 00030  501  25                    01234                    1871 H 
120314 0909 00001  501  26                    01828                    1822 G 
120314 0910 00044  501  26                    01828                    1822 9 
120314 0910 00245  501  22                   011030                    1850 9 
120314 0910 00657           501  01            1860                  075084 7 
120314 0910 00025  501  27                    01234                    1871 H 
120314 0911 00000  501  28                   071541                    1860 I 
120314 0913 00007  501  29                     1945                    1850 G 
120314 0915 00242  501  29                     1945                    1850 9 
120314 0916 00554           501  01            1860            989172874187 7 
120314 0920 00033           501  02            1822                    4320 7 
120314 0920 00022           501  02            1822                   04347 7 
120314 0921 00008  501  30                    01234                    1871 G 
120314 0922 00017  501  30                    01234                    1871 9 
120314 0922 00004  501  03                     4076                    1853 G 
120314 0922 00537           501  01            1860                  015626 7 
120314 0922 00012  501  02                                             1822 G 
120314 0923 00031  501  03                     4076                    1853 9 
120314 0923 00023  501  04                     1611                    1818 H 
120314 0925 00003  501  05                     1920                    1858 9 
120314 0925 00003           501  01            1858                    1981 7 
120314 0927 00004  501  06                     1810                    1835 G 
120314 0927 00451  501  02                                             1822 9 
120314 0928 00003  501  07                    04349                    1822 G 
120314 0928 00010  501  07                    04349                    1822 9 
120314 0928 00136           501  01            1860            989172874187 7 
120314 0929 00001  501  08                     1811                    1822 G 
120314 0930 00030  501  08                     1811                    1822 9 
120314 0930 00031           501  01            1850            989103913870 7 
120314 0930 00313  501  06                     1810                    1835 9 
120314 0931 00021           501  01            1860            989139040703 7 
120314 0932 00121           501  02            1835                    1438 7 
120314 0933 00027           501  02            1835                    1416 7 
120314 0933 00019           501  04            1441                92330010 7 
120314 0934 00002  501  09                     1213                    1853 9 
120314 0934 00002           501  05            1853                    1981 7 
120314 0934 00006           501  04            1441                92330010 7 
120314 0934 00002  501  10                     4091                    1821 G 
120314 0934 00030  501  11                     1213                    1858 H 
120314 0934 00037  501  10                     4091                    1821 9 
120314 0935 00026  501  12                     1213                    1851 H 
120314 0935 00002           501  04            1441                94115374 7 
120314 0935 00029  501  13                     1991                    1428 H 
120314 0935 00001  501  14                     1991                    1428 H 
120314 0936 00245           501  03            1835             89200068779 7 
120314 0936 00003           501  04            1428                    1981 7 
120314 0936 00003  501  15                     1991                    1428 9 
120314 0938 00009  501  16                     1840                    1824 G 
120314 0938 00008  501  17               8314115374                    1441 G 
120314 0938 00002  501  18                     1255                    1853 G 
120314 0938 00006  501  18                     1255                    1853 9 
120314 0938 00001  501  19                     1213                    1853 G 
120314 0939 00043           501  05            1860                  103641 7 
120314 0939 00051  501  16                     1840                    1824 9 
120314 0939 00343           501  03            1835                    4151 7 
120314 0941 00036           501  03            1824                    4301 7 
120314 0942 00009  501  20                     1015                    1850 G 
120314 0942 00109           501  04            1427            989202557961 7 
120314 0943 00001  501  21                     1229                    1854 G 
120314 0944 00134           501  05            1824                    4301 7 
120314 0944 00132  501  20                     1015                    1850 9 
120314 0944 00037           501  03            1427            989200215858 7 
120314 0944 00029  501  21                     1229                    1854 9 
120314 0944 00537  501  19                     1213                    1853 9 
120314 0944 00557  501  17               8314115374                    1441 9 
120314 0945 00053           501  04            1824                    1840 7 
120314 0946 00107           501  05            1853            989107902849 7 
120314 0946 00148           501  03            1427            989202557961 7 
120314 0946 00045  501  22                   011018                    1853 H 
120314 0947 00026  501  23                   011018                    1853 H 
120314 0948 00017  501  24               8352308100                    1983 9 
120314 0948 00330           501  04            1826                    1545 7 
120314 0950 00003  501  26                     4151                    1835 G 
120314 0950 00012  501  25                   011035                    1850 G 
120314 0950 00011  501  26                     4151                    1835 9 
120314 0951 00002  501  27               8312330011                    1440 H 
120314 0952 00207  501  25                   011035                    1850 9 
120314 0953 00455           501  05            1427            989202557961 7 
120314 0953 00003           501  05            1428                    1981 7 
120314 0953 00003  501  28                     1229                    1428 9 
120314 0954 00025           501  05            1853            989107902849 7 
120314 0955 00006  501  30                    61426                    1424 G 
120314 0955 00001  501  29                     1547                    1858 9 
120314 0955 00001           501  05            1858                    1981 7 
120314 0955 00010  501  05                     1121                    1426 H 
120314 0955 00003  501  06                   017754                    1822 G 
120314 0956 00052  501  30                    61426                    1424 9 
120314 0956 00128           501  07            1427            989308153908 7 
120314 0957 00010           501  07            1424                    1226 7 
120314 0957 00054           501  05            1854                   04105 7 
120314 0957 00003       06  501  05            1428                    1981 7 
120314 0958 00051           501  07            1424                    1221 7 
120314 0958 02537           501  02            1860            989172874187 C 
120314 0959 00752           501  04            1853            989200683221 7 
120314 1000 00136           501  06            1854                   04237 7 
120314 1001 00248           501  05            1427            989202557961 7 
120314 1001 00003  501  07               8314115374                    1441 G 
120314 1002 00003  501  08                   017754                    1440 G 
120314 1003 00242           501  02            1853            989107902849 7 
120314 1004 00003  501  09               9127602532                    1822 G 
120314 1005 00016  501  09               9127602532                    1822 9 
120314 1005 00240  501  08                   017754                    1440 9 
120314 1006 00029  501  10                   017754                    1428 H 
120314 1007 00001  501  11                   011018                    1853 G 
120314 1010 00000  501  13                     1015                    1855 I 
120314 1010 00008  501  12                   011042                    1850 G 
120314 1010 00002           501  04            1850                    1981 7 
120314 1010 00002  501  14                     1015                    1850 9 
120314 1011 00402  501  11                   011018                    1853 9 
120314 1011 00003  501  15                     1221                    1871 G 
120314 1012 00009  501  16                                             1822 G 
120314 1012 00027  501  15                     1221                    1871 9 
120314 1012 00010  501  16                                             1822 9 
120314 1012 00018  501  17                     1920                    1853 G 
120314 1013 00005  501  21                     1221                    1821 G 
120314 1013 00020  501  19                     4091                    1822 G 
120314 1013 00011  501  21                     1221                    1821 9 
120314 1013 00329  501  12                   011042                    1850 9 
120314 1013 00006  501  19                     4091                    1822 9 
120314 1013 00024  501  20                     4072                    1822 H 
120314 1014 00002           501  04            1853                    1981 7 
120314 1014 00003  501  22                     1221                    1853 9 
120314 1014 00016  501  23                     1221                    1853 H 
120314 1014 00524           501  02            1860            989172874187 C 
120314 1015 00007  501  24                     1221                    1424 G 
120314 1016 00008  501  26                                             1822 G 
120314 1016 00412  501  17                     1920                    1853 9 
120314 1017 00016  501  27                    01858                    1856 H 
120314 1017 00104  501  26                                             1822 9 
120314 1017 01550  501  07               8314115374                    1441 9 
120314 1017 00002  501  28                    01858                    1853 G 
120314 1018 00019  501  28                    01858                    1853 9 
120314 1018 00223  501  25                     1015                    1850 H 
120314 1018 00003           501  04            1428                    1981 7 
120314 1018 00003  501  29                     1255                    1428 9 
120314 1019 00017           501  02            1853                   01858 7 
120314 1019 00435  501  24                     1221                    1424 9 
120314 1019 00029  501  30                     1255                    1428 H 
120314 1020 00016  501  05               9101464879                    1983 9 
120314 1020 00017  501  06               9226804256                    1983 9 
120314 1020 00013  501  07                     4072                    1822 G 
120314 1020 00005  501  08               9226804256                    1983 9 
120314 1020 00003  501  09                     4161                    1818 G 
120314 1021 00048  501  07                     4072                    1822 9 
120314 1021 00026  501  09                     4161                    1818 9 
120314 1022 00135           501  05            1425                    1912 7 
120314 1023 00405           501  02            1853                    1221 7 
120314 1024 00002           501  05            1428                    1981 7 
120314 1024 00003  501  10                     1229                    1428 9 
120314 1024 00020  501  11                   011018                    1850 H 
120314 1025 00003  501  12                   011018                    1853 9 
120314 1025 00003           501  05            1853                    1981 7 
120314 1025 00103           501  02            1853                94109345 7 
120314 1026 00100  501  13                   011018                    1853 H 
120314 1027 00011  501  14                    04345                    1822 G 
120314 1027 00006  501  14                    04345                    1822 9 
120314 1028 00236           501  02            1441            989307187387 7 
120314 1028 04118           501  03            1860                  015626 C 
120314 1029 00002  501  15                     1611                    1818 G 
120314 1030 05923           501  01            1860                  075084 C 
120314 1030 01113           501  04            1860            989172874187 C 
120314 1030 00048  501  15                     1611                    1818 9 
120314 1032 00004  501  16                                             1822 G 
120314 1033 00045           501  01            1822                92338830 7 
120314 1033 00058  501  16                                             1822 9 
120314 1035 00027           501  02            1412                92417373 7 
120314 1035 00122           501  01            1853            983412230300 7 
120314 1036 00016  501  17               9209221620                    1983 9 
120314 1037 00016  501  18               9209221620                    1983 9 
120314 1037 00135           501  01            1881                    1840 7 
120314 1037 00016  501  19               9527691230                    1983 9 
120314 1038 00017  501  20               9209221620                    1983 9 
120314 1038 00257           501  03            1427            989202557961 7 
120314 1038 00021  501  21                     1213                    1428 H 
120314 1040 00017  501  22               8313275373                    1983 9 
120314 1040 00002  501  23                     1926                    1426 H 
120314 1040 00007  501  24                     4192                    1822 G 
120314 1041 00119  501  24                     4192                    1822 9 
120314 1042 00003  501  25                     4141                    1822 G 
120314 1042 00010  501  25                     4141                    1822 9 
120314 1042 00001  501  26                     1520                    1425 H 
120314 1043 00024  501  27                     1923                    1424 H 
120314 1043 00004  501  28                     1520                    1425 G 
120314 1043 00003  501  29                                             1822 G 
120314 1044 00004  501  30                     1923                    1424 G 
120314 1044 00002  501  03                     1416                    1822 G 
120314 1045 00224           501  01            1427            989202557961 7 
120314 1045 00026  501  04                     1839                    1824 H 
120314 1045 00052  501  03                     1416                    1822 9 
120314 1045 00016  501  06                     1240                    1822 G 
120314 1045 00158  501  28                     1520                    1425 9 
120314 1045 00103           501  02            1824                    1852 7 
120314 1045 00003           501  01            1428                    1981 7 
120314 1045 00003  501  05                     1255                    1428 9 
120314 1046 00010  501  08                     1255                    1424 H 
120314 1046 00029           501  02            1853            989226804256 7 
120314 1046 00047           501  01            1824                    1839 7 
120314 1046 00115  501  06                     1240                    1822 9 
120314 1046 00133           501  07            1854                    1258 7 
120314 1047 00346  501  29                                             1822 9 
120314 1048 00002  501  09                     1839                    1860 G 
120314 1049 00511  501  30                     1923                    1424 9 
120314 1049 00033           501  01            1822                    1240 7 
120314 1049 00102  501  09                     1839                    1860 9 
120314 1050 00012           501  03            1441                92330338 7 
120314 1050 00028           501  01            1822                   04347 7 
120314 1050 00017           501  03            1441                92330338 7 
120314 1050 00435           501  02            1853                    1438 7 
120314 1051 00021           501  04            1427            989202557961 7 
120314 1051 00029           501  01            1826                    1810 7 
120314 1052 00045           501  02            1441                92330338 7 
120314 1053 00003  501  11                                             1822 G 
120314 1053 00026  501  10                     4302                    1858 H 
120314 1053 00004  501  13                     1520                    1425 G 
120314 1053 00012  501  12                     1991                    1858 H 
120314 1053 00018  501  11                                             1822 9 
120314 1053 00007  501  14                     4302                    1822 G 
120314 1053 00019  501  13                     1520                    1425 9 
120314 1054 00019  501  15                     1832                    1428 H 
120314 1054 00135           501  01            1853                    1958 7 
120314 1055 00035           501  01            1441                92330338 7 
120314 1056 00241  501  14                     4302                    1822 9 
120314 1059 00017  501  16                    01858                    1856 H 
120314 1059 00030  501  17                    01944                    1858 H 
120314 1059 00009           501  02            1853                    4076 7 
120314 1101 00021  501  18               9101460842                    1858 H 
120314 1102 00024  501  19                     4111                    1821 H 
120314 1102 00627           501  01            1441            989307187387 7 
120314 1103 00012  501  20                    01858                    1856 H 
120314 1104 00019  501  21                     4301                    1853 G 
120314 1105 00214           501  01            1427            989202557961 7 
120314 1105 00023  501  22                     1832                    1428 H 
120314 1105 00129  501  21                     4301                    1853 9 
120314 1105 00007  501  23                     4111                    1821 G 
120314 1105 00009  501  23                     4111                    1821 9 
120314 1106 00529           501  02            1850            988332602376 7 
120314 1106 00003  501  24                     4076                    1853 G 
120314 1107 00007  501  25                   011024                    1850 G 
120314 1107 00005  501  26                     1810                    1818 G 
120314 1107 00425           501  03            1425                    1911 7 
120314 1107 00013  501  25                   011024                    1850 9 
120314 1107 00013  501  27                     4051                    1835 H 
120314 1107 00028  501  26                     1810                    1818 9 
120314 1109 00254  501  24                     4076                    1853 9 
120314 1110 00002  501  28                     1911                    1425 G 
120314 1111 00008  501  29                    01827                    1822 G 
120314 1111 00030  501  29                    01827                    1822 9 
120314 1112 00017  501  30               4957555051                    1983 9 
120314 1112 00208  501  28                     1911                    1425 9 
120314 1112 00004  501  01                     4076                    1853 G 
120314 1112 00002  501  02                     1832                    1881 G 
120314 1113 00026  501  02                     1832                    1881 9 
120314 1113 00028  501  01                     4076                    1853 9 
120314 1113 00042           501  04            1850            989103913870 7 
120314 1113 00052           501  03            1821                    4111 7 
120314 1113 00017  501  05                                             1983 9 
120314 1113 00006  501  06                     4076                    1424 G 
120314 1114 00016  501  07                                             1983 9 
120314 1114 00039           501  01            1850                92458668 7 
120314 1114 00014  501  08                     1944                    1858 H 
120314 1115 00018  501  09                     1832                    1424 H 
120314 1116 00002           501  01            1853                    1210 7 
120314 1116 00002  501  10                     1944                    1853 G 
120314 1117 00025  501  10                     1944                    1853 9 
120314 1118 00427  501  06                     4076                    1424 9 
120314 1118 00131           501  01            1853                    1214 7 
120314 1120 00005  501  11                    04347                    1822 G 
120314 1121 00021  501  11                    04347                    1822 9 
120314 1121 00020  501  12                     1213                    1428 H 
120314 1121 00009           501  03            1822                    1240 7 
120314 1121 00017  501  13                     1213                    1858 H 
120314 1121 00002  501  14                     1832                    1424 G 
120314 1122 00130           501  02            1850                92458668 7 
120314 1122 00208           501  01            1882                    1520 7 
120314 1122 00013           501  01            1835                    1878 7 
120314 1123 00002  501  15                     1878                    1819 G 
120314 1123 00116  501  14                     1832                    1424 9 
120314 1126 00005  501  16                     1214                    1853 G 
120314 1127 00121  501  16                     1214                    1853 9 
120314 1128 00008  501  17                                             1822 G 
120314 1130 00154           501  01            1822                    1436 7 
120314 1130 00205  501  17                                             1822 9 
120314 1132 00002           501  02            1858                    1981 7 
120314 1132 00002  501  18                     4301                    1858 9 
120314 1132 00002           501  03            1426                    1981 7 
120314 1132 00002  501  19                     1229                    1426 9 
120314 1132 00050           501  01            1853            989101306333 7 
120314 1133 00002  501  20                     1945                    1428 9 
120314 1133 00001           501  01            1428                    1981 7 
120314 1133 01022  501  15                     1878                    1819 9 
120314 1133 00003           501  01            1424                    1981 7 
120314 1133 00003  501  21                     1945                    1424 9 
120314 1134 00001  501  22                     1229                    1428 9 
120314 1134 00001           501  03            1428                    1981 7 
120314 1134 00003  501  23                     1229                    1437 G 
120314 1134 00150           501  02            1424            988001008005 7 
120314 1135 00052           501  01            1429                    1967 7 
120314 1135 00026  501  25                    04302                    1853 H 
120314 1135 00027  501  26                     1226                    1428 H 
120314 1136 00107  501  24                     1015                    1853 G 
120314 1136 00006  501  27                                             1822 G 
120314 1136 00014  501  27                                             1822 9 
120314 1136 00002  501  28                     1945                    1424 G 
120314 1137 00019  501  30                     4042                    1824 H 
120314 1137 00030  501  29                    04302                    1851 H 
120314 1137 00139  501  24                     1015                    1853 9 
120314 1137 00008  501  03                    04302                    1853 G 
120314 1137 00019           501  01            1860                  075084 7 
120314 1138 00055           501  02            1429                    1443 7 
120314 1138 00159  501  28                     1945                    1424 9 
120314 1139 00053           501  01            1860            989172874187 7 
120314 1139 00002  501  04                    04072                    1822 G 
120314 1140 00235  501  03                    04302                    1853 9 
120314 1140 00020  501  05                     4111                    1822 H 
120314 1140 00549  501  23                     1229                    1437 9 
120314 1140 00035  501  04                    04072                    1822 9 
120314 1141 00049           501  02            1853                    1920 7 
120314 1142 00013           501  02            1853                   04302 7 
120314 1142 00003  501  06                     1844                    1822 G 
120314 1142 00005  501  07                     4076                    1424 G 
120314 1143 00047  501  06                     1844                    1822 9 
120314 1143 00411           501  01            1860                  075084 7 
120314 1143 00045  501  07                     4076                    1424 9 
120314 1144 00011  501  08                     1438                    1428 G 
120314 1145 00020  501  09                     4111                    1822 H 
120314 1146 00025           501  01            1822                   22124 7 
120314 1147 00002  501  10               9127602532                    1822 G 
120314 1148 00011  501  10               9127602532                    1822 9 
120314 1148 00321           501  02            1427            989202557961 7 
120314 1149 00025  501  11               9103902188                    1850 H 
120314 1151 00617  501  08                     1438                    1428 9 
120314 1151 00004  501  12                                             1822 G 
120314 1153 00001  501  13                     4111                    1822 G 
120314 1154 00011  501  13                     4111                    1822 9 
120314 1154 00002  501  14                     1520                    1425 G 
120314 1155 00418           501  02            1427            989202557961 7 
120314 1155 00043  501  14                     1520                    1425 9 
120314 1155 00002  501  15               9601646577                    1856 G 
120314 1157 00152  501  15               9601646577                    1856 9 
120314 1158 00046           501  02            1424                92950314 7 
120314 1200 00135           501  02            1424            989038485406 7 
120314 1200 00014  501  16               9601646577                    1850 G 
120314 1200 01139           501  01            1818                    1811 7 
120314 1201 00123  501  16               9601646577                    1850 9 
120314 1203 00946           501  03            1860                  075084 C 
120314 1203 01206  501  12                                             1822 C 
120314 1203 00025  501  17                     4017                    1858 H 
120314 1205 00003  501  18                   011098                    1821 G 
120314 1206 00022           501  01            1860                  071541 7 
120314 1207 00003           501  02            1853                    1981 7 
120314 1207 00020           501  01            1860                  015626 7 
120314 1208 00017           501  01            1822                   04347 7 
120314 1209 00413  501  18                   011098                    1821 9 
120314 1210 00008  501  19                                             1822 G 
120314 1210 00023  501  19                                             1822 9 
120314 1211 00006  501  21                     1960                    1822 G 
120314 1212 00021  501  22                                             1822 H 
120314 1212 00126  501  21                     1960                    1822 9 
120314 1213 00213  501  20                     1015                    1853 H 
120314 1213 00022           501  01            1860            989172874187 7 
120314 1215 00008  501  23                   011042                    1850 G 
120314 1215 00014           501  03            1860                   04347 7 
120314 1215 00217           501  02            1424                92497070 7 
120314 1216 00150           501  01            1824                92724079 7 
120314 1216 00002           501  04            1881                    1837 7 
120314 1216 00046           501  02            1424                94119111 7 
120314 1218 00240           501  03            1850                    3070 C 
120314 1218 00325  501  23                   011042                    1850 C 
120314 1221 00043           501  01            1854            989124601798 7 
120314 1222 00006  501  24                     1940                    1412 G 
120314 1223 00003  501  25                   015565                    1881 G 
120314 1224 00105  501  25                   015565                    1881 9 
120314 1225 00018           501  01            1850            989103913870 7 
120314 1225 00321  501  24                     1940                    1412 9 
120314 1225 00154           501  02            1854                   04237 7 
120314 1229 00018  501  26                     1528                    1858 H 
120314 1230 00000  501  27                   011018                    1855 I 
120314 1230 00002           501  04            1853                    1981 7 
120314 1230 00003  501  28                   011018                    1853 9 
120314 1230 00000  501  29                   011018                    1855 I 
120314 1230 00140           501  01            1850            989871101372 7 
120314 1231 00002  501  30                   011018                    1853 9 
120314 1231 00002           501  01            1853                    1981 7 
120314 1232 00301           501  03            1824                    1310 7 
120314 1232 00018  501  03                     1015                    1850 G 
120314 1235 00233  501  03                     1015                    1850 9 
120314 1235 00255           501  04            1821                    1442 7 
120314 1236 00728           501  02            1853            988313064474 7 
120314 1237 00438           501  01            1835                92736761 7 
120314 1237 00010  501  04                     1810                    1835 G 
120314 1237 00013  501  04                     1810                    1835 9 
120314 1237 00151           501  03            1827                    1832 7 
120314 1238 00006  501  05                     1214                    1853 G 
120314 1239 00024  501  05                     1214                    1853 9 
120314 1241 00016  501  06               8314115532                    1983 9 
120314 1241 00017  501  07               8314115532                    1983 9 
120314 1244 00016           501  02            1853            989226804256 7 
120314 1246 00009  501  08                   011024                    1850 G 
120314 1246 00455           501  01            1427            989202557961 7 
120314 1248 00230  501  08                   011024                    1850 9 
120314 1250 00049           501  03            1853                   04304 7 
120314 1250 00017  501  09               8312113340                    1983 9 
120314 1252 00419           501  01            1425                    1438 7 
120314 1253 00007  501  10                     1820                    1818 G 
120314 1253 00017           501  02            1853                    1915 7 
120314 1254 00102           501  01            1425                    1912 7 
120314 1254 00106           501  03            1850            989056659965 7 
120314 1255 00017  501  11               9087465567                    1983 9 
120314 1256 00008  501  12                     1214                    1853 G 
120314 1256 00002           501  01            1858                    1981 7 
120314 1256 00003  501  13                     4301                    1858 9 
120314 1257 00041  501  12                     1214                    1853 9 
120314 1257 00020           501  01            1853                    1438 7 
120314 1257 00023           501  02            1822                    4201 7 
120314 1258 00003  501  14                     4202                    1822 G 
120314 1258 00016  501  14                     4202                    1822 9 
120314 1301 00021           501  02            1856            983412230493 7 
120314 1301 00743  501  10                     1820                    1818 9 
120314 1302 00000  501  15                    01858                    1856 I 
120314 1302 00002  501  16                     1438                    1853 G 
120314 1302 00445           501  01            1856            983412377867 7 
120314 1302 00001  501  17                    01858                    1856 G 
120314 1302 00023  501  17                    01858                    1856 9 
120314 1303 00042  501  16                     1438                    1853 9 
120314 1303 00256           501  03            1425             84957770800 7 
120314 1304 00139           501  01            1819                   22124 7 
120314 1304 00008  501  18               9103902188                    1850 G 
120314 1305 00008  501  19                     1832                    1827 G 
120314 1305 00025  501  19                     1832                    1827 9 
120314 1306 00133  501  18               9103902188                    1850 9 
120314 1308 00234           501  01            1427            989202557961 7 
120314 1309 00006  501  20                                             1822 G 
120314 1309 00011  501  20                                             1822 9 
120314 1312 00008  501  21                     4082                    1822 G 
120314 1312 00019  501  21                     4082                    1822 9 
120314 1319 00002  501  22                                             1822 G 
120314 1319 00013  501  22                                             1822 9 
120314 1321 00233           501  01            1853                94109345 7 
120314 1328 00021  501  23                    01858                    1853 H 
120314 1329 00020           501  01            1856              5003632377 7 
120314 1330 00028  501  24                     1213                    1428 H 
120314 1332 00003  501  25                                             1822 G 
120314 1333 00015  501  25                                             1822 9 
120314 1333 00328           501  01            1427            989202557961 7 
120314 1335 00021  501  26                     1611                    1426 H 
120314 1336 00038           501  01            1850            989512010116 7 
120314 1339 00015  501  27                    04076                    1853 G 
120314 1340 00003           501  01            1428                    1981 7 
120314 1340 00003  501  28                     1991                    1428 9 
120314 1341 00144  501  27                    04076                    1853 9 
120314 1342 00009  501  29                     1226                    1822 G 
120314 1343 00011  501  02               9087240213                    1983 9 
120314 1343 00043  501  30                   011018                    1850 H 
120314 1343 00002  501  04                     1991                    1428 G 
120314 1343 00003  501  03                   011018                    1853 9 
120314 1343 00003           501  02            1853                    1981 7 
120314 1344 00204  501  29                     1226                    1822 9 
120314 1344 00052  501  05                   011018                    1850 H 
120314 1345 00222           501  01            1853            988332541330 7 
120314 1346 00039           501  01            1881                    4081 7 
120314 1347 00008  501  06                     1720                    1822 G 
120314 1347 00003  501  07                     1226                    1822 9 
120314 1347 00002           501  02            1822                    1981 7 
120314 1348 00115  501  06                     1720                    1822 9 
120314 1348 00144           501  01            1853                94130000 7 
120314 1349 00559  501  04                     1991                    1428 9 
120314 1351 00015           501  02            1881                    4320 7 
120314 1352 00048           501  01            1860                  071541 7 
120314 1352 00002  501  08                     4171                    1822 G 
120314 1353 00025  501  08                     4171                    1822 9 
120314 1353 00010  501  09                     1976                    1822 G 
120314 1354 00057  501  09                     1976                    1822 9 
120314 1354 00026           501  01            1853            989159372349 7 
120314 1355 00016  501  10               9202502604                    1983 9 
120314 1356 00002  501  11                   071541                    1860 G 
120314 1356 00007  501  12                     4333                    1822 G 
120314 1356 00017  501  13               9202502604                    1983 9 
120314 1357 00113  501  12                     4333                    1822 9 
120314 1357 00002  501  14                     1226                    1822 G 
120314 1359 00135  501  14                     1226                    1822 9 
120314 1400 00003  501  15                     1976                    1822 G 
120314 1402 00127  501  15                     1976                    1822 9 
120314 1402 00004  501  16                   011042                    1853 G 
120314 1403 00005  501  17                    04347                    1822 G 
120314 1403 00009  501  17                    04347                    1822 9 
120314 1404 00047           501  01            1427            989202557961 7 
120314 1405 00003           501  01            1440                   01440 7 
120314 1406 00008  501  18                     1992                    1428 H 
120314 1407 00436  501  16                   011042                    1853 9 
120314 1407 00002  501  19                     1920                    1853 G 
120314 1408 00003           501  02            1851                    1981 7 
120314 1408 00003  501  20                     1925                    1851 9 
120314 1408 00029  501  21                     1925                    1851 H 
120314 1409 00017  501  22                     1992                    1428 G 
120314 1410 00238  501  19                     1920                    1853 9 
120314 1411 00006  501  23                    04076                    1853 G 
120314 1411 00324           501  01            1850            989128502538 7 
120314 1411 00006  501  24               8312158987                    1983 9 
120314 1413 00159  501  23                    04076                    1853 9 
120314 1414 00009  501  25                    01858                    1853 G 
120314 1415 00102  501  25                    01858                    1853 9 
120314 1415 00559  501  22                     1992                    1428 9 
120314 1415 01940  501  11                   071541                    1860 9 
120314 1415 00119           501  01            1427            989202557961 7 
120314 1418 00007  501  26                     1213                    1428 G 
120314 1418 00025  501  26                     1213                    1428 9 
120314 1419 00007  501  27                    04076                    1853 G 
120314 1420 00344           501  01            1425             89200068779 7 
120314 1422 00251  501  27                    04076                    1853 9 
120314 1422 00009           501  01            1822                    4320 7 
120314 1423 00045           501  01            1856              5003632377 7 
120314 1424 00128           501  04            1822                    4320 7 
120314 1425 00006  501  28                     1935                    1440 G 
120314 1425 00110           501  01            1427            989202557961 7 
120314 1425 00012  501  28                     1935                    1440 9 
120314 1426 00007  501  29                     1935                    1412 G 
120314 1426 00002  501  01                     4016                    1854 G 
120314 1427 00016  501  01                     4016                    1854 9 
120314 1427 00038  501  30                     4201                    1850 H 
120314 1427 00122  501  29                     1935                    1412 9 
120314 1427 00003  501  03                     4201                    1854 G 
120314 1429 00002  501  04                     4101                    1821 G 
120314 1430 00141           501  01            1822                    1472 7 
120314 1430 00109  501  04                     4101                    1821 9 
120314 1431 00010  501  06                                             1822 G 
120314 1431 00425  501  03                     4201                    1854 9 
120314 1432 00037  501  06                                             1822 9 
120314 1432 00107           501  04            1860                  013530 7 
120314 1432 00130           501  01            1881                    1837 7 
120314 1433 00051  501  07               9209045745                    1850 H 
120314 1433 00334           501  05            1437                    1229 7 
120314 1434 00128           501  01            1860            989172874187 7 
120314 1434 00205           501  03            1822                    1472 7 
120314 1435 00051           501  04            1881                    1810 7 
120314 1436 00024  501  08                     1925                    1851 H 
120314 1437 00039           501  03            1437                    1229 7 
120314 1438 00109           501  04            1881            989103842824 7 
120314 1439 00002  501  09                     4041                    1822 G 
120314 1439 00010  501  09                     4041                    1822 9 
120314 1440 03139           501  02            1880                92474763 7 
120314 1440 00006  501  10                     1915                    1850 G 
120314 1440 00013  501  11                     1229                    1426 H 
120314 1440 00012  501  10                     1915                    1850 9 
120314 1440 00003  501  12                     1915                    1853 G 
120314 1441 00037  501  12                     1915                    1853 9 
120314 1443 00001  501  13                     4301                    1822 G 
120314 1445 00230  501  13                     4301                    1822 9 
120314 1445 00009  501  14                     4333                    1822 G 
120314 1450 00448  501  14                     4333                    1822 9 
120314 1450 00017  501  15               9108880506                    1983 9 
120314 1451 00726           501  02            1853                   04304 7 
120314 1451 00002  501  16                                             1822 G 
120314 1451 00017           501  02            1822                    1610 7 
120314 1451 00031  501  16                                             1822 9 
120314 1452 00016  501  17               8559464688                    1983 9 
120314 1452 00001  501  18                    04237                    1853 G 
120314 1453 00003  501  19                     1911                    1425 G 
120314 1453 00054  501  18                    04237                    1853 9 
120314 1454 00016  501  20                                             1822 G 
120314 1454 00001  501  20                                             1822 9 
120314 1454 00010  501  21                     4333                    1822 G 
120314 1455 00030  501  21                     4333                    1822 9 
120314 1455 00029  501  22                                             1822 G 
120314 1455 00013           501  04            1853                    1442 7 
120314 1456 00049           501  03            1822                92338830 7 
120314 1456 00101  501  22                                             1822 9 
120314 1456 00259  501  19                     1911                    1425 9 
120314 1457 00005  501  23                   011018                    1853 G 
120314 1458 00002  501  24                     1911                    1425 G 
120314 1458 00018  501  25                     1810                    1818 H 
120314 1458 00044  501  23                   011018                    1853 9 
120314 1458 00008  501  26                                             1822 G 
120314 1459 00011  501  26                                             1822 9 
120314 1459 00019  501  27                   011018                    1853 G 
120314 1459 02431           501  01            1860            989172874187 C 
120314 1500 00046  501  27                   011018                    1853 9 
120314 1500 00021           501  01            1431            989172874187 C 
120314 1501 00049           501  01            1818                    1810 7 
120314 1501 00002  501  28                     1221                    1858 9 
120314 1501 00001           501  01            1858                    1981 7 
120314 1502 00003           501  01            1858                    1981 7 
120314 1502 00003  501  29                     1221                    1858 9 
120314 1502 00002  501  30                    04237                    1853 G 
120314 1502 00013  501  30                    04237                    1853 9 
120314 1504 00917           501  02            1835             89535528937 7 
120314 1504 00007  501  04                   091535                    1835 G 
120314 1504 00008  501  05                     4101                    1822 G 
120314 1504 00009  501  05                     4101                    1822 9 
120314 1504 00055           501  01            1856            989023073555 7 
120314 1505 00658  501  24                     1911                    1425 9 
120314 1507 00050           501  01            1856            989056668560 7 
120314 1507 00018           501  02            1853                  011007 7 
120314 1508 00005  501  06                   011024                    1853 G 
120314 1509 00526  501  04                   091535                    1835 9 
120314 1510 00103           501  02            1856            989092880648 7 
120314 1510 00202           501  01            1425                    1520 7 
120314 1511 00017  501  07               9877568313                    1983 9 
120314 1511 00252  501  06                   011024                    1853 9 
120314 1512 00001           501  01            1440                92330011 7 
120314 1512 00002  501  08                                             1822 G 
120314 1513 00003           501  02            1851                    1981 7 
120314 1513 00003  501  09                     1991                    1851 9 
120314 1514 00036           501  01            1856            989056628231 7 
120314 1514 00217  501  08                                             1822 9 
120314 1517 00002  501  10                     1991                    1853 G 
120314 1518 00014  501  11               8313030393                    1983 9 
120314 1518 00011           501  02            1425                    1442 7 
120314 1518 00005  501  12               9200628953                    1858 H 
120314 1518 00044           501  02            1441                92469999 7 
120314 1519 00003           501  02            1858                    1981 7 
120314 1519 00003  501  13               9200628953                    1858 9 
120314 1519 00135           501  04            1425                    1438 7 
120314 1519 00217  501  10                     1991                    1853 9 
120314 1520 00017  501  14               8313030593                    1983 9 
120314 1521 00524           501  01            1835             89535528937 7 
120314 1521 00007  501  15                     1226                    1428 G 
120314 1522 00000  501  18               8312789777                    1855 I 
120314 1522 00017  501  17               8313072627                    1983 9 
120314 1523 01334           501  03            1860                  114544 7 
120314 1523 00128  501  15                     1226                    1428 9 
120314 1523 00002  501  19                     1912                    1425 G 
120314 1523 00000  501  20                     1015                    1855 I 
120314 1523 00000  501  21                   011018                    1855 I 
120314 1523 00056           501  05            1856            989101001927 7 
120314 1523 00003           501  02            1850                    1981 7 
120314 1523 00003  501  22                     1015                    1850 9 
120314 1523 00002           501  02            1853                    1981 7 
120314 1523 00002  501  23                   011018                    1853 9 
120314 1524 00002           501  03            1853                    1981 7 
120314 1524 00002  501  24                   011018                    1853 9 
120314 1524 00033           501  02            1853                92333281 7 
120314 1524 00312           501  01            1850                    1991 7 
120314 1525 00008  501  25               9120559896                    1983 9 
120314 1525 00017  501  26               8313030680                    1983 9 
120314 1526 00521           501  04            1856            989103879160 7 
120314 1526 00006  501  27               8314115374                    1441 G 
120314 1526 00316  501  19                     1912                    1425 9 
120314 1526 00007  501  28               8312789777                    1850 G 
120314 1527 00035  501  28               8312789777                    1850 9 
120314 1529 00020  501  29                     1213                    1428 H 
120314 1531 00009  501  30                                             1822 G 
120314 1531 00122           501  01            1856            989101001927 7 
120314 1533 00652  501  27               8314115374                    1441 9 
120314 1534 00007  501  03                     1255                    1428 G 
120314 1534 00036           501  02            1824                    1832 7 
120314 1534 00012  501  03                     1255                    1428 9 
120314 1534 00003  501  05                     1226                    1428 G 
120314 1534 00019  501  04                                             1822 G 
120314 1535 00222           501  01            1457                94290675 7 
120314 1535 00047  501  04                                             1822 9 
120314 1535 00017  501  06               8312332086                    1983 9 
120314 1536 00017  501  07               9023082681                    1983 9 
120314 1536 00000  501  08                     1943                    1855 I 
120314 1536 00002  501  09                     1943                    1853 G 
120314 1536 00000           501  03            1856            989040569217 7 
120314 1536 00004  501  10               8314115374                    1441 G 
120314 1537 00017  501  11               9023082681                    1983 9 
120314 1537 00040           501  03            1856            989040569217 7 
120314 1538 00207           501  01            1850            989107964103 7 
120314 1538 00001  501  12                     1911                    1425 G 
120314 1538 00003           501  01            1856            989506041617 7 
120314 1539 00237  501  10               8314115374                    1441 9 
120314 1540 00016  501  13               9023082681                    1983 9 
120314 1540 00008  501  14                     1015                    1850 G 
120314 1540 00528  501  05                     1226                    1428 9 
120314 1540 00019  501  14                     1015                    1850 9 
120314 1540 00417  501  09                     1943                    1853 9 
120314 1540 00506           501  02            1824                    1837 7 
120314 1540 00148           501  01            1835                   22756 7 
120314 1541 00034           501  02            1824                    1832 7 
120314 1541 00253  501  12                     1911                    1425 C 
120314 1541 00137           501  03            1425                    1438 C 
120314 1541 01017  501  30                                             1822 9 
120314 1541 00005  501  15                     1992                    1853 G 
120314 1541 00018           501  01            1850            989107964103 7 
120314 1542 00057           501  01            1818                    1430 7 
120314 1543 00004  501  16                     1911                    1425 G 
120314 1545 00155  501  16                     1911                    1425 9 
120314 1546 00026           501  02            1853              5003654376 7 
120314 1547 00515  501  15                     1992                    1853 9 
120314 1547 00306           501  01            1818                    1811 7 
120314 1550 00016  501  18                     1960                    1858 H 
120314 1550 00016  501  19               9506100666                    1983 9 
120314 1550 00102  501  17                     1015                    1850 H 
120314 1551 00429           501  02            1824                92767268 7 
120314 1552 00004  501  20                     4192                    1822 G 
120314 1552 00028  501  20                     4192                    1822 9 
120314 1552 00013  501  21                                             1822 G 
120314 1553 00312           501  01            1818                   21684 7 
120314 1553 00032  501  21                                             1822 9 
120314 1553 00006  501  22                     4201                    1853 G 
120314 1554 00025           501  01            1850            989107964103 7 
120314 1555 00008           501  01            1824                    1837 7 
120314 1555 00254           501  03            1457                92725566 7 
120314 1556 00229  501  22                     4201                    1853 9 
120314 1556 00005  501  23                    01858                    1428 G 
120314 1556 00016           501  03            1850            989535787087 7 
120314 1557 00002  501  24                     1520                    1425 G 
120314 1557 00017           501  03            1850            989535787087 7 
120314 1557 00008           501  03            1850            989535787087 7 
120314 1557 00132  501  23                    01858                    1428 9 
120314 1558 00003  501  25                     4201                    1822 G 
120314 1558 00221           501  01            1824                   01837 7 
120314 1558 00053  501  25                     4201                    1822 9 
120314 1558 00008           501  01            1850            989535787087 7 
120314 1559 00212           501  02            1853                92488511 7 
120314 1600 00017  501  26                     4105                    1858 H 
120314 1600 00330  501  24                     1520                    1425 9 
120314 1601 00014           501  01            1835             89519100197 7 
120314 1602 00005  501  27                     1837                    1824 G 
120314 1602 00013  501  27                     1837                    1824 9 
120314 1602 00005  501  28                                             1822 G 
120314 1603 00016  501  29               9036013970                    1983 9 
120314 1603 00016  501  30               9101332483                    1983 9 
120314 1603 00001  501  02                     1944                    1822 G 
120314 1604 00105           501  01            1822        9233883092338830 7 
120314 1604 00118  501  28                                             1822 9 
120314 1604 00006           501  03            1850            989535787087 7 
120314 1605 00009  501  03                     1213                    1858 H 
120314 1605 00007  501  04                     4525                    1854 G 
120314 1605 00153  501  02                     1944                    1822 9 
120314 1606 00002           501  01            1426                    1981 7 
120314 1608 00251  501  04                     4525                    1854 9 
120314 1608 00133           501  02            1853            989200775661 7 
120314 1608 00004  501  05                     4522                    1440 G 
120314 1609 00003  501  06                     1839                    1835 G 
120314 1609 00000  501  06                     1839                    1835 9 
120314 1609 00027           501  01            1835                    1839 7 
120314 1610 00133  501  05                     4522                    1440 9 
120314 1610 00002  501  07                     4525                    1854 G 
120314 1612 00109  501  07                     4525                    1854 9 
120314 1613 00123           501  02            1853                92488511 7 
120314 1613 00020  501  08                    01858                    1428 H 
120314 1613 00001  501  09                   011030                    1853 G 
120314 1614 00001  501  10                     4525                    1854 G 
120314 1614 00035  501  10                     4525                    1854 9 
120314 1614 00009  501  11                                             1822 G 
120314 1615 00016  501  12               8314216193                    1983 9 
120314 1615 00014  501  13                    61426                    1822 G 
120314 1616 00002       11  501  04            1853                    1981 7 
120314 1616 00017  501  14               8312161683                    1983 9 
120314 1616 00120  501  13                    61426                    1822 9 
120314 1617 00016  501  15               8312161681                    1983 9 
120314 1617 00621           501  01            1824                    1837 7 
120314 1617 00218           501  02            1854            989128749302 7 
120314 1618 00501  501  09                   011030                    1853 9 
120314 1619 00025  501  16                    61426                    1858 H 
120314 1619 00008           501  02            1853                   04237 7 
120314 1619 00004  501  17                                             1822 G 
120314 1620 00103  501  17                                             1822 9 
120314 1621 00002  501  18                     1911                    1835 G 
120314 1621 00003  501  19                                             1822 G 
120314 1621 00001  501  20                     1255                    1428 G 
120314 1621 00011  501  19                                             1822 9 
120314 1621 00002  501  21                                             1822 G 
120314 1621 00016  501  20                     1255                    1428 9 
120314 1622 00002       21  501  01            1835                    1981 7 
120314 1623 00005           501  01            1824                    1837 7 
120314 1624 00024           501  01            1824                    1837 7 
120314 1624 00016  501  22               9026860717                    1983 9 
120314 1624 00012           501  01            1822                    4333 7 
120314 1624 00002  501  23                     1837                    1824 G 
120314 1625 00004  501  24                     4333                    1822 G 
120314 1625 00414  501  18                     1911                    1835 9 
120314 1626 00057  501  24                     4333                    1822 9 
120314 1626 00144  501  23                     1837                    1824 9 
120314 1626 00002  501  25                     4333                    1822 G 
120314 1626 00009  501  25                     4333                    1822 9 
120314 1627 00006  501  26                    01858                    1428 G 
120314 1628 00040  501  26                    01858                    1428 9 
120314 1628 00045  501  27               9036024454                    1853 G 
120314 1629 00206           501  01            1824                    1837 7 
120314 1630 00018  501  28                     1967                    1853 H 
120314 1630 00253           501  02            1850            989127571497 7 
120314 1630 00006  501  29                     1967                    1853 G 
120314 1632 00103  501  29                     1967                    1853 9 
120314 1632 00004  501  02                     1944                    1853 G 
120314 1632 00014  501  30                    01858                    1822 G 
120314 1632 00019           501  03            1835                92463589 7 
120314 1632 00033  501  02                     1944                    1853 9 
120314 1632 00403  501  27               9036024454                    1853 9 
120314 1632 00026  501  30                    01858                    1822 9 
120314 1633 00007  501  03               9036024454                    1850 G 
120314 1633 00259           501  01            1818                  015566 7 
120314 1633 00003  501  04                     1810                    1818 G 
120314 1634 00017  501  05               8312161684                    1983 9 
120314 1636 00000  501  06                     1015                    1855 I 
120314 1636 00001  501  07                     1839                    1821 H 
120314 1636 00002           501  02            1850                    1981 7 
120314 1636 00002  501  08                     1015                    1850 9 
120314 1637 00006  501  09                                             1822 G 
120314 1638 00527  501  03               9036024454                    1850 9 
120314 1639 00003  501  10                                             1822 G 
120314 1639 00000  501  10                                             1822 9 
120314 1639 00214           501  02            1822                92338830 7 
120314 1639 00228  501  09                                             1822 9 
120314 1641 00011  501  11                     1463                    1440 G 
120314 1641 00013  501  12               8314636300                    1850 G 
120314 1641 00000  501  13                     1015                    1855 I 
120314 1642 00032           501  02            1835                92461119 7 
120314 1642 00000  501  15                     1015                    1855 I 
120314 1642 00019  501  14                     1015                    1853 G 
120314 1642 00644           501  01            1457                92581131 7 
120314 1642 00003           501  01            1850                    1981 7 
120314 1642 00003  501  16                     1015                    1850 9 
120314 1643 00042           501  02            1835             89107918130 7 
120314 1643 00017  501  17               9527648536                    1983 9 
120314 1643 00227  501  11                     1463                    1440 9 
120314 1644 00002  501  19                     1463                    1440 G 
120314 1644 00016  501  18               9527648536                    1983 9 
120314 1644 00236  501  14                     1015                    1853 9 
120314 1645 00017  501  20               9527648536                    1983 9 
120314 1645 00027           501  01            1853                    1443 7 
120314 1646 00030           501  01            1824                94102264 7 
120314 1648 00008  501  21                     1528                    1424 G 
120314 1648 00024  501  21                     1528                    1424 9 
120314 1649 00012           501  01            1880                92794330 7 
120314 1651 00000  501  22                     1015                    1855 I 
120314 1652 00745  501  19                     1463                    1440 9 
120314 1652 00003           501  02            1853                    1981 7 
120314 1652 00003  501  23                     1015                    1853 9 
120314 1652 00002  501  24                     1463                    1440 G 
120314 1652 00031           501  01            1835                    1839 7 
120314 1652 00022  501  24                     1463                    1440 9 
120314 1653 00002  501  25                     1463                    1440 G 
120314 1655 00153  501  25                     1463                    1440 9 
120314 1655 00012  501  26                                             1822 G 
120314 1655 00204           501  01            1880            989877501025 7 
120314 1657 00218  501  26                                             1822 9 
120314 1658 01629  501  12               8314636300                    1850 9 
120314 1659 00016  501  27               8313039536                    1983 9 
120314 1701 00227           501  01            1428                    1832 7 
120314 1702 00016  501  28               8313039536                    1983 9 
120314 1702 00221           501  02            1853                    1443 7 
120314 1702 00018  501  29                     1015                    1850 G 
120314 1702 00021  501  30                     1925                    1851 H 
120314 1703 00002  501  01                     1925                    1850 9 
120314 1703 00002           501  02            1850                    1981 7 
120314 1703 00002  501  02                     1925                    1853 G 
120314 1704 00035  501  02                     1925                    1853 9 
120314 1706 00353  501  29                     1015                    1850 9 
120314 1707 00002  501  05                     1960                    1822 9 
120314 1707 00002           501  01            1822                    1981 7 
120314 1709 03526  501  04                     1810                    1818 9 
120314 1709 00016  501  06               9307124271                    1983 9 
120314 1709 00233  501  03                     1015                    1853 G 
120314 1709 00023  501  07               8314636300                    1850 G 
120314 1709 00004  501  08                                             1822 G 
120314 1710 00027  501  03                     1015                    1853 9 
120314 1710 00016  501  09               9307124271                    1983 9 
120314 1710 00044  501  07               8314636300                    1850 9 
120314 1710 00016  501  10               9307124271                    1983 9 
120314 1711 00116  501  08                                             1822 9 
120314 1711 00003  501  11                     1967                    1853 G 
120314 1712 00100  501  11                     1967                    1853 9 
120314 1713 00008  501  12                     1944                    1822 G 
120314 1713 00006  501  13                     1520                    1424 G 
120314 1713 00025  501  12                     1944                    1822 9 
120314 1714 00027  501  15                     1944                    1426 H 
120314 1714 00053  501  14                     1015                    1853 G 
120314 1714 00030  501  14                     1015                    1853 9 
120314 1715 00003  501  16                     1443                    1853 G 
120314 1715 00016  501  16                     1443                    1853 9 
120314 1715 00220  501  13                     1520                    1424 9 
120314 1716 00002  501  17                     1961                    1822 G 
120314 1716 00107           501  02            1850                94636300 7 
120314 1716 00202           501  01            1854                    1213 7 
120314 1716 00011  501  18               8312789777                    1853 G 
120314 1716 00108           501  03            1818                  017233 7 
120314 1717 00022  501  18               8312789777                    1853 9 
120314 1717 00017  501  19               8314221133                    1983 9 
120314 1717 00127  501  17                     1961                    1822 9 
120314 1719 00015  501  20                     1015                    1853 G 
120314 1719 00003           501  01            1853                    1981 7 
120314 1719 00003  501  21                     1944                    1853 9 
120314 1720 00101  501  20                     1015                    1853 9 
120314 1721 00054           501  01            1850            989036024454 7 
120314 1722 00004  501  22                    01858                    1853 G 
120314 1722 00033  501  22                    01858                    1853 9 
120314 1723 00002  501  23                     1221                    1858 9 
120314 1723 00002           501  01            1858                    1981 7 
120314 1726 00017  501  24               9501523183                    1983 9 
120314 1726 00007  501  25                     1991                    1428 G 
120314 1727 00003           501  01            1853                    1981 7 
120314 1727 00003  501  26                     4076                    1853 9 
120314 1728 00023  501  27                     1963                    1858 H 
120314 1729 00000  501  28                     1416                    1858 H 
120314 1729 00006  501  29                     1416                    1858 H 
120314 1729 00003  501  30                                             1822 G 
120314 1730 00104  501  30                                             1822 9 
120314 1732 00023  501  01                     1963                    1426 H 
120314 1732 00523  501  25                     1991                    1428 9 
120314 1733 00002  501  02                                             1822 G 
120314 1734 00002           501  06            1853                    1981 7 
120314 1734 00002  501  03               8312725025                    1853 9 
120314 1735 00027           501  05            1853                    1443 7 
120314 1735 00215  501  02                                             1822 9 
120314 1735 00312           501  01            1856            989047873077 7 
120314 1735 00007  501  05               8312725025                    1853 G 
120314 1736 00130  501  04                     4076                    1850 H 
120314 1736 00100  501  05               8312725025                    1853 9 
120314 1737 00002  501  06                     4076                    1850 G 
120314 1737 00002  501  07                                             1822 G 
120314 1737 00017  501  08               9307191597                    1983 9 
120314 1738 00151           501  01            1856            989081686970 7 
120314 1738 00017  501  09               9307191597                    1983 9 
120314 1739 00016  501  10               8313060437                    1983 9 
120314 1739 00015  501  11                   011012                    1853 H 
120314 1739 00000  501  12                   011012                    1855 I 
120314 1739 00237  501  07                                             1822 9 
120314 1739 00018  501  13                     1967                    1853 G 
120314 1740 00312  501  06                     4076                    1850 9 
120314 1740 00025  501  13                     1967                    1853 9 
120314 1741 00004  501  14                     1255                    1428 G 
120314 1741 00035           501  02            1424                92808323 7 
120314 1742 00002  501  15                     3031                    1424 G 
120314 1742 00039  501  15                     3031                    1424 9 
120314 1743 00016  501  16                     3032                    1426 H 
120314 1743 00014           501  03            1822                    1810 7 
120314 1744 00005  501  17                   011042                    1853 G 
120314 1744 00303  501  14                     1255                    1428 9 
120314 1747 00148           501  03            1856            988313094117 7 
120314 1747 00243           501  02            1853                    3070 7 
120314 1747 00321  501  17                   011042                    1853 9 
120314 1749 00655           501  01            1424                    1438 7 
120314 1750 00041           501  01            1424                    3031 7 
120314 1750 00003  501  18                     1213                    1854 G 
120314 1750 00427           501  04            1850            989123684543 7 
120314 1751 00038  501  18                     1213                    1854 9 
120314 1752 00018           501  02            1424                92915899 7 
120314 1753 00148           501  01            1850                   04076 7 
120314 1755 00220           501  01            1850            989123684543 7 
120314 1759 00008  501  19                     1410                    1822 G 
120314 1800 00054  501  19                     1410                    1822 9 
120314 1800 00016  501  20               8313079396                    1983 9 
120314 1801 00016  501  21               8313079396                    1983 9 
120314 1802 00016  501  22               9108708246                    1983 9 
120314 1803 00120           501  01            1856            989200532034 7 
120314 1805 00001           501  01            1856            989535637844 7 
120314 1805 00017  501  23               9506016139                    1983 9 
120314 1806 00002           501  02            1850                    1925 7 
120314 1806 00032           501  01            1856            988313028100 7 
120314 1807 00033  501  24                   011042                    1850 G 
120314 1810 00229  501  24                   011042                    1850 9 
120314 1810 00002  501  25                    01858                    1853 G 
120314 1811 00057  501  25                    01858                    1853 9 
120314 1812 00215           501  01            1856            989200329522 7 
120314 1812 00017           501  02            1850                92700054 7 
120314 1812 00017  501  26               8313030593                    1983 9 
120314 1813 00040           501  01            1822              5003742143 7 
120314 1813 00006  501  27               9030550721                    1983 9 
120314 1814 00007  501  28                                             1822 G 
120314 1814 00029           501  02            1853            989200775661 7 
120314 1814 00017  501  29               9030550721                    1983 9 
120314 1815 00017  501  30               9030550721                    1983 9 
120314 1816 00234  501  28                                             1822 9 
120314 1817 00016  501  02               9535725376                    1983 9 
120314 1818 00452           501  01            1856            989877507787 7 
120314 1819 00017  501  03               9535725376                    1983 9 
120314 1822 00016  501  04               9087422454                    1983 9 
120314 1824 00002           501  01            1850                    1925 7 
120314 1825 00010           501  01            1856            988313035495 7 
120314 1825 00002           501  02            1850                    1925 7 
120314 1826 00017  501  05               9307170107                    1983 9 
120314 1827 00014  501  06               9307170107                    1983 9 
120314 1828 00049           501  01            1856            989200761408 7 
120314 1830 00017  501  07               9047822308                    1983 9 
120314 1831 00119           501  01            1856            989527706250 7 
120314 1834 00034           501  02            1853                    1443 7 
120314 1837 00016  501  08               9026833883                    1983 9 
120314 1839 00015  501  09               9026833883                    1983 9 
120314 1842 00121           501  02            1856                   01858 7 
120314 1850 01640           501  01            1856            988313027353 7 
120314 1852 00305           501  02            1853            989200441273 7 
120314 1853 00013           501  01            1856                   01858 7 
120314 1855 00004  501  10                   011042                    1853 G 
120314 1856 00002  501  11                                             1822 G 
120314 1857 00114           501  01            1822                92338830 7 
120314 1857 00127  501  11                                             1822 9 
120314 1900 00043  501  12               8314166600                    1850 H 
120314 1903 00002           501  02            1858                    1981 7 
120314 1903 00002  501  13               8314166600                    1858 9 
120314 1904 00132           501  01            1856            989200254429 7 
120314 1918 00047           501  01            1856            989501523183 7 
120314 1924 00158           501  01            1856            989506041617 7 
120314 1924 02930  501  10                   011042                    1853 9 
120314 1927 00016  501  14               9524746494                    1983 9 
120314 1929 00100           501  01            1853                   01858 7 
120314 1929 00016  501  15               9027870905                    1983 9 
120314 1931 00016  501  16               9023051610                    1983 9 
120314 1933 00021           501  02            1853                  011007 7 
120314 1933 00003  501  17                    01858                    1853 G 
120314 1933 00014  501  17                    01858                    1853 9 
120314 1935 00227           501  01            1856            989524616046 7 
120314 1937 00038           501  02            1856            989648393910 7 
120314 1939 00016  501  18               9159378515                    1983 9 
120314 1939 00301           501  01            1850            989202501316 7 
120314 1939 00016  501  19               9159378515                    1983 9 
120314 1939 00002  501  20                                             1822 G 
120314 1941 00029           501  01            1853                    1442 7 
120314 1944 00417  501  20                                             1822 9 
120314 1944 00016  501  21               9200755887                    1983 9 
120314 1944 00016  501  22               9200755887                    1983 9 
120314 1946 00017  501  23               9087620098                    1983 9 
120314 1946 00035           501  01            1856            989159451111 7 
120314 1946 00017  501  24               9087620098                    1983 9 
120314 1949 00002  501  25                                             1822 G 
120314 1950 00056  501  25                                             1822 9 
120314 1950 00118           501  02            1856                92339017 7 
120314 1952 00441           501  01            1856            989601927752 7 
120314 1955 00002  501  26                    04237                    1853 G 
120314 1955 00012  501  26                    04237                    1853 9 
120314 1956 00053           501  01            1856            989508204718 7 
120314 1959 00002           501  01            1856            989535637844 7 
120314 2002 00044           501  01            1856            989043970456 7 
120314 2004 00029           501  01            1853                   04237 7 
120314 2014 00416           501  01            1856            988313035495 7 
120314 2016 00102           501  01            1856            989159344292 7 
120314 2016 00009  501  27                     1442                    1850 G 
120314 2017 00026  501  27                     1442                    1850 9 
120314 2018 00051           501  02            1821                  014550 7 
120314 2022 00032           501  01            1856            989092834454 7 
120314 2027 00027           501  01            1850                   01858 7 
120314 2035 00102           501  01            1856            989601986728 7 
120314 2037 00007           501  01            1856            989506233220 7 
120314 2041 00016  501  28               9648393910                    1983 9 
120314 2042 00059           501  01            1856            989527877733 7 
120314 2042 00000  501  29                    04237                    1855 I 
120314 2043 00000  501  30                    04237                    1855 I 
120314 2043 00037           501  01            1856            989082322624 7 
120314 2045 00054           501  01            1856            989200667896 7 
120314 2048 00000  501  02                    04237                    1855 I 
120314 2049 00218           501  01            1856            989648393910 7 
120314 2049 00016  501  03                    04237                    1853 H 
120314 2051 00030  501  04                    04237                    1854 H 
120314 2052 00009  501  05                    04237                    1822 G 
120314 2053 00154  501  05                    04237                    1822 9 
120314 2054 00039           501  01            1856            989625067047 7 
120314 2057 00019           501  01            1856            989101081435 7 
120314 2058 00106           501  01            1856            989290439088 7 
120314 2100 00004           501  01            1856            988313069154 7 
120314 2101 00052           501  01            1856            988313076257 7 
120314 2106 00003           501  01            1856            989308172252 7 
120314 2106 00009  501  06                                             1822 G 
120314 2106 00012  501  06                                             1822 9 
120314 2107 00052           501  01            1856            989308172252 7 
120314 2109 00016           501  01            1856            988313072762 7 
120314 2110 00034           501  01            1856            988313061676 7 
120314 2120 00016  501  07               9209210252                    1983 9 
120314 2121 00007  501  08                    04237                    1822 G 
120314 2122 00012  501  09               9209210252                    1983 9 
120314 2122 00052  501  08                    04237                    1822 9 
120314 2123 00030  501  10                    04237                    1822 H 
120314 2123 00053           501  01            1856            989027870905 7 
120314 2126 00001           501  02            1856            989506027803 7 
120314 2126 00253           501  01            1821                   04237 7 
120314 2134 00009           501  01            1856            989101081435 7 
120314 2135 00103           501  01            1856            989101081435 7 
120314 2141 00002  501  11                                             1822 G 
120314 2142 00104  501  11                                             1822 9 
120314 2242 00316           501  01            1457                92763162 7 
