130314 0113 00134           501  01            1821            989101203878 7 
130314 0115 00002  501  12                    01221                    1821 G 
130314 0115 00046  501  12                    01221                    1821 9 
130314 0225 00004  501  13                                             1822 G 
130314 0226 00049           501  01            1822                92338830 7 
130314 0226 00104  501  13                                             1822 9 
130314 0227 00002  501  14                                             1822 G 
130314 0227 00027           501  01            1822                92338830 7 
130314 0227 00038  501  14                                             1822 9 
130314 0228 00003  501  15                                             1822 G 
130314 0229 00103           501  01            1822                92338830 7 
130314 0229 00114  501  15                                             1822 9 
130314 0528 00005  501  16                                             1822 G 
130314 0528 00010  501  16                                             1822 9 
130314 0637 00003           501  02            1822                   24060 7 
130314 0640 00256           501  01            1882            988001002424 7 
130314 0646 00003  501  17                    01221                    1821 G 
130314 0647 00038  501  17                    01221                    1821 9 
130314 0652 00002  501  18                    04131                    1822 G 
130314 0653 00030  501  18                    04131                    1822 9 
130314 0655 00301           501  01            1882            988001000911 7 
130314 0705 00003  501  19                    01221                    1821 G 
130314 0706 00125  501  19                    01221                    1821 9 
130314 0709 00009           501  01            1822                   23885 7 
130314 0718 00001  501  20                     4192                    1822 G 
130314 0718 00025  501  20                     4192                    1822 9 
130314 0742 00000  501  21                   011036                    1855 I 
130314 0743 00000  501  22                   011013                    1855 I 
130314 0743 00019  501  23                     4091                    1822 G 
130314 0744 00026  501  23                     4091                    1822 9 
130314 0744 00010  501  24                     4091                    1821 G 
130314 0744 00020  501  24                     4091                    1821 9 
130314 0757 00002  501  25                     4091                    1822 G 
130314 0757 00013  501  25                     4091                    1822 9 
130314 0801 00004  501  26                     4111                    1822 G 
130314 0801 00024  501  26                     4111                    1822 9 
130314 0807 00000  501  27                   011008                    1855 I 
130314 0812 00011  501  28                   011035                    1853 G 
130314 0813 00003  501  29                     4302                    1858 G 
130314 0815 00301  501  28                   011035                    1853 9 
130314 0817 00018           501  01            1822                    4151 7 
130314 0818 00003  501  30                     1967                    1853 G 
130314 0819 00606  501  29                     4302                    1858 9 
130314 0820 00125  501  30                     1967                    1853 9 
130314 0821 00102           501  01            1427            989202557961 7 
130314 0822 00111           501  01            1822                    4141 7 
130314 0823 00004  501  02                    01221                    1821 G 
130314 0823 00038  501  02                    01221                    1821 9 
130314 0823 00001  501  03                     1967                    1853 G 
130314 0824 00042  501  03                     1967                    1853 9 
130314 0824 00122           501  01            1858                    1226 7 
130314 0827 00206           501  01            1853            988313038350 7 
130314 0829 00002  501  05                     4333                    1822 G 
130314 0829 00006  501  04                     4302                    1858 G 
130314 0829 00023  501  05                     4333                    1822 9 
130314 0829 00002  501  06                     4091                    1822 G 
130314 0830 00012  501  06                     4091                    1822 9 
130314 0830 00016  501  07               9200465084                    1983 9 
130314 0831 00126           501  01            1835                    4151 7 
130314 0831 00238  501  04                     4302                    1858 9 
130314 0832 00103           501  01            1822                    4161 7 
130314 0834 00043           501  01            1822                   04347 7 
130314 0834 00012  501  08                                             1822 G 
130314 0834 00009  501  08                                             1822 9 
130314 0835 00002  501  09                                             1822 G 
130314 0835 00011  501  09                                             1822 9 
130314 0835 00006  501  10                   011013                    1853 G 
130314 0836 00002  501  11                                             1822 G 
130314 0836 00011  501  11                                             1822 9 
130314 0838 00020           501  01            1858                    4302 7 
130314 0838 00002  501  12                    04344                    1822 G 
130314 0838 00031           501  02            1427            989202557961 7 
130314 0838 00021  501  12                    04344                    1822 9 
130314 0838 00302  501  10                   011013                    1853 9 
130314 0840 00003  501  13                     4151                    1835 G 
130314 0841 00232           501  01            1858                   04308 7 
130314 0843 00232  501  13                     4151                    1835 9 
130314 0843 00019           501  01            1822                    4101 7 
130314 0844 00033           501  01            1853            989107902849 7 
130314 0848 00153           501  01            1853            989200683221 7 
130314 0848 00004  501  14                     1839                    1835 G 
130314 0849 00001  501  15                     4021                    1822 G 
130314 0849 00008  501  15                     4021                    1822 9 
130314 0849 00039  501  14                     1839                    1835 9 
130314 0850 00004           501  01            1853            989313038350 7 
130314 0850 00011           501  02            1850            989534158855 7 
130314 0851 00030  501  16                   011032                    1853 H 
130314 0851 00030           501  01            1835                    1839 7 
130314 0851 00012           501  01            1835                    1839 7 
130314 0852 00003  501  17                     4181                    1822 G 
130314 0852 00012  501  17                     4181                    1822 9 
130314 0853 00002  501  18                     4151                    1835 G 
130314 0853 00142           501  01            1858                   04308 7 
130314 0854 00057  501  18                     4151                    1835 9 
130314 0854 00013           501  02            1853            989100060053 7 
130314 0855 00000           501  02            1860                    1840 7 
130314 0855 00055           501  01            1858                   04303 7 
130314 0855 00002  501  19                     1839                    1860 G 
130314 0855 00037  501  19                     1839                    1860 9 
130314 0856 00016  501  20               8312483963                    1983 9 
130314 0857 00002  501  21                     1839                    1824 G 
130314 0857 00124           501  02            1858                   04308 7 
130314 0857 00026  501  21                     1839                    1824 9 
130314 0857 00211           501  01            1853            989307198042 7 
130314 0858 00001  501  22                     4161                    1822 G 
130314 0858 00024  501  22                     4161                    1822 9 
130314 0900 00057           501  01            1853            989603140873 7 
130314 0901 00020           501  02            1822                   04349 7 
130314 0903 00013  501  23                    04308                    1822 G 
130314 0904 00016  501  23                    04308                    1822 9 
130314 0904 00035           501  02            1853            989200549462 7 
130314 0905 00247           501  01            1824                    1878 7 
130314 0906 00009  501  24                     4221                    1822 G 
130314 0906 00002  501  25                     1926                    1858 G 
130314 0906 00017  501  24                     4221                    1822 9 
130314 0906 00001  501  26                     1878                    1835 G 
130314 0907 00025  501  26                     1878                    1835 9 
130314 0907 00013           501  01            1850            989200549462 7 
130314 0908 00132  501  25                     1926                    1858 9 
130314 0908 00002  501  27                     1926                    1858 G 
130314 0908 00015  501  27                     1926                    1858 9 
130314 0909 00026           501  01            1858                   04303 7 
130314 0910 00004           501  01            1858                    1926 7 
130314 0911 00013           501  01            1822                   04061 7 
130314 0911 00003  501  29                    01570                    1440 G 
130314 0913 00003  501  30                    04347                    1822 G 
130314 0913 00231  501  29                    01570                    1440 9 
130314 0913 00017  501  30                    04347                    1822 9 
130314 0914 00002  501  01                     1926                    1858 G 
130314 0915 00116  501  01                     1926                    1858 9 
130314 0916 00007  501  02                     1205                    1850 G 
130314 0916 00003           501  04            1853                    1981 7 
130314 0916 00003  501  03                     1967                    1853 9 
130314 0916 00004  501  04                     4101                    1822 G 
130314 0917 00018  501  04                     4101                    1822 9 
130314 0917 00003  501  06                     1926                    1858 G 
130314 0917 00006  501  05                     1840                    1824 G 
130314 0918 00124           501  01            1853            989290441492 7 
130314 0918 00145  501  02                     1205                    1850 9 
130314 0918 00002  501  07                    04345                    1822 G 
130314 0918 00005  501  07                    04345                    1822 9 
130314 0919 00125  501  06                     1926                    1858 9 
130314 0919 00137           501  01            1853                    1967 7 
130314 0920 00218  501  05                     1840                    1824 9 
130314 0920 00003  501  09                     1840                    1824 G 
130314 0920 00014  501  08                                             1822 G 
130314 0920 00021  501  09                     1840                    1824 9 
130314 0923 00002  501  10                     4071                    1822 G 
130314 0923 00007  501  10                     4071                    1822 9 
130314 0923 00003  501  11                     4081                    1822 G 
130314 0923 00011  501  11                     4081                    1822 9 
130314 0924 00007  501  12               8312480000                    1850 G 
130314 0924 00326  501  08                                             1822 9 
130314 0924 00002  501  13                     1878                    1835 G 
130314 0925 00002  501  14                   016234                    1860 G 
130314 0925 00131  501  13                     1878                    1835 9 
130314 0926 00030  501  15                    04237                    1854 H 
130314 0926 00208           501  01            1858                    1926 7 
130314 0927 00151  501  14                   016234                    1860 9 
130314 0927 00210           501  02            1427            989202557961 7 
130314 0928 00001  501  16                                             1822 G 
130314 0928 00011  501  16                                             1822 9 
130314 0928 00004  501  17                    01944                    1440 G 
130314 0929 00109           501  01            1427            989202557961 7 
130314 0929 00518  501  12               8312480000                    1850 9 
130314 0929 00010           501  01            1858                    4151 7 
130314 0931 00212  501  17                    01944                    1440 9 
130314 0931 00123           501  01            1858                   04151 7 
130314 0932 00011  501  18                     1920                    1440 G 
130314 0932 00000  501  19                     1945                    1850 I 
130314 0933 00002  501  20                     1945                    1853 G 
130314 0933 00046  501  18                     1920                    1440 9 
130314 0933 00155           501  01            1858                    4151 7 
130314 0933 00049  501  20                     1945                    1853 9 
130314 0935 00245           501  03            1850                    3070 C 
130314 0935 00310           501  02            1850            989050577574 C 
130314 0936 00043           501  02            1427            989202557961 7 
130314 0937 00005  501  21                    01944                    1440 G 
130314 0937 00117           501  01            1858                   01828 7 
130314 0939 00158  501  21                    01944                    1440 9 
130314 0940 00024           501  01            1854                    1442 7 
130314 0940 00013           501  02            1871            989124601798 7 
130314 0940 00410           501  03            1835                92736761 7 
130314 0940 00006           501  01            1854                    1226 7 
130314 0941 00000  501  22                     1015                    1855 I 
130314 0941 00005  501  23                     1015                    1853 G 
130314 0942 00119           501  02            1850            989648389950 7 
130314 0942 00029  501  24                     1967                    1858 H 
130314 0943 00007  501  25               9152371286                    1850 G 
130314 0943 00038           501  01            1858                    1967 7 
130314 0945 00105           501  02            1850                    3070 C 
130314 0945 00155  501  25               9152371286                    1850 C 
130314 0946 00006  501  26                     1442                    1424 G 
130314 0946 00445  501  23                     1015                    1853 9 
130314 0946 00049           501  02            1871            989190005790 7 
130314 0946 00027           501  03            1425                    1912 7 
130314 0946 00257           501  01            1881                  015595 7 
130314 0947 00057  501  26                     1442                    1424 9 
130314 0947 00017           501  01            1835                   22756 7 
130314 0948 00101           501  02            1440            989519108261 7 
130314 0948 00002  501  27                    04237                    1854 G 
130314 0948 00034           501  01            1835                  014510 7 
130314 0948 00022           501  02            1853            989081669189 7 
130314 0950 00005  501  28                     1214                    1428 G 
130314 0950 00116           501  01            1440            989200213221 7 
130314 0951 00116  501  28                     1214                    1428 9 
130314 0952 00001  501  29                     1834                    1822 G 
130314 0953 00040  501  29                     1834                    1822 9 
130314 0953 00003  501  30                     4161                    1822 G 
130314 0954 00014  501  30                     4161                    1822 9 
130314 0954 00001  501  02                                             1822 G 
130314 0955 00022  501  02                                             1822 9 
130314 0955 00633  501  27                    04237                    1854 9 
130314 0955 00035           501  01            1427            989202557961 7 
130314 0956 00002  501  03                                             1822 G 
130314 0956 00035  501  03                                             1822 9 
130314 0956 00002  501  04                    04237                    1854 G 
130314 0957 00000  501  05               8312482742                    1885 H 
130314 0957 00002  501  06                     4301                    1822 G 
130314 0957 00017  501  06                     4301                    1822 9 
130314 0957 00000  501  07               8312482742                    1885 H 
130314 0958 00000  501  08               8312482742                    1885 H 
130314 0958 00000  501  09               8312482742                    1885 H 
130314 0959 00000  501  10               8312482742                    1885 H 
130314 0959 00000  501  11               8312482742                    1885 H 
130314 0959 00015  501  12                    04349                    1822 G 
130314 0959 00000  501  13               8312482742                    1885 H 
130314 0959 00009  501  12                    04349                    1822 9 
130314 1000 00000  501  14               8312482742                    1885 H 
130314 1000 00000  501  15               8312482742                    1885 H 
130314 1000 00000  501  16               8312482742                    1885 H 
130314 1001 00000  501  17               8312482742                    1885 H 
130314 1001 00415  501  04                    04237                    1854 9 
130314 1001 00002  501  18                     1443                    1854 G 
130314 1001 00000  501  19               8312482742                    1885 H 
130314 1001 00000  501  20               8312482742                    1885 H 
130314 1002 00000  501  21               8312482742                    1885 H 
130314 1002 00000  501  22               8312482742                    1885 H 
130314 1002 00000  501  23               8312482742                    1885 H 
130314 1003 00000  501  24               8312482742                    1885 H 
130314 1003 00000  501  25               9107977123                    1885 H 
130314 1003 00000  501  26               9107977123                    1885 H 
130314 1003 00000  501  27               9107977123                    1885 H 
130314 1004 00002  501  28               8316150123                    1853 G 
130314 1004 00000  501  29               9107977123                    1885 H 
130314 1004 00140           501  02            1427            989202557961 7 
130314 1004 00002  501  30                                             1822 G 
130314 1005 00039  501  30                                             1822 9 
130314 1005 00000  501  03               9107977123                    1885 H 
130314 1005 00354  501  18                     1443                    1854 9 
130314 1005 00004  501  04                    04237                    1854 G 
130314 1006 01009           501  01            1850            989648389950 7 
130314 1006 00043           501  03            1821                  015573 7 
130314 1006 00059           501  02            1427            989202557961 7 
130314 1006 00110  501  04                    04237                    1854 9 
130314 1008 00405  501  28               8316150123                    1853 9 
130314 1009 00004  501  05                    04011                    1822 G 
130314 1010 00033  501  05                    04011                    1822 9 
130314 1010 00020  501  06                    04011                    1835 G 
130314 1011 00000  501  07                   011035                    1855 I 
130314 1011 00000  501  08                   011035                    1855 I 
130314 1011 00000  501  09               8312482742                    1885 H 
130314 1011 00102  501  06                    04011                    1835 9 
130314 1012 00036           501  02            1821                  015573 7 
130314 1012 00000  501  10                   011035                    1855 I 
130314 1012 00136           501  01            1850            989648389950 7 
130314 1013 00038           501  01            1822                   01828 7 
130314 1013 00201           501  03            1854                   04237 7 
130314 1013 00013  501  12                     1226                    1854 G 
130314 1014 00021  501  11                     1967                    1858 H 
130314 1014 00015           501  01            1822                   04011 7 
130314 1014 00004  501  14                                             1822 G 
130314 1014 00009  501  13               8312482742                    1850 G 
130314 1014 00016  501  14                                             1822 9 
130314 1015 00010  501  15                    01954                    1428 G 
130314 1016 00116           501  01            1427            989202557961 7 
130314 1016 00008  501  17                     1522                    1424 G 
130314 1016 00003           501  01            1858                    1981 7 
130314 1016 00003  501  16                     1967                    1858 9 
130314 1016 00238  501  12                     1226                    1854 9 
130314 1017 00121  501  17                     1522                    1424 9 
130314 1017 00002  501  18                     1522                    1425 G 
130314 1018 00046  501  18                     1522                    1425 9 
130314 1018 00410  501  13               8312482742                    1850 9 
130314 1020 00001  501  19                     1701                    1425 G 
130314 1020 00031  501  19                     1701                    1425 9 
130314 1021 00022  501  20                     1943                    1853 G 
130314 1022 00049  501  20                     1943                    1853 9 
130314 1022 00004           501  02            1440                92700054 7 
130314 1022 00710  501  15                    01954                    1428 9 
130314 1023 00218           501  01            1427            989618004046 7 
130314 1023 00052           501  02            1440                92700054 7 
130314 1024 00011  501  21                     1832                    1827 G 
130314 1024 00105           501  01            1427            989202557961 7 
130314 1024 00015  501  21                     1832                    1827 9 
130314 1025 00007  501  22                     1878                    1824 G 
130314 1026 00016  501  22                     1878                    1824 9 
130314 1027 00007  501  23                     1015                    1850 G 
130314 1029 00002           501  01            1850                    1210 7 
130314 1030 00006  501  24                     4233                    1428 G 
130314 1030 00018           501  01            1853            989308073874 7 
130314 1031 00058           501  02            1427            989618004046 7 
130314 1031 00414  501  23                     1015                    1850 9 
130314 1032 00002  501  25                     1015                    1850 G 
130314 1032 00150  501  24                     4233                    1428 9 
130314 1034 00004  501  26               9127602532                    1822 G 
130314 1034 00011  501  26               9127602532                    1822 9 
130314 1035 00102           501  01            1425             89877000005 7 
130314 1035 00015  501  27               8314166600                    1983 9 
130314 1035 00304  501  25                     1015                    1850 9 
130314 1035 00010  501  29                     1837                    1824 G 
130314 1035 00016  501  28               8314166600                    1983 9 
130314 1036 00006  501  29                     1837                    1824 9 
130314 1037 00001  501  01                     4171                    1818 H 
130314 1040 00002  501  02                     1924                    1425 G 
130314 1040 00235           501  01            1818                    1878 7 
130314 1041 00012  501  03                     1912                    1425 G 
130314 1041 00037  501  02                     1924                    1425 9 
130314 1041 00021           501  01            1853                    1438 7 
130314 1042 00124  501  03                     1912                    1425 9 
130314 1043 00020           501  02            1854                   04237 7 
130314 1044 00043           501  02            1822                    4072 7 
130314 1044 00147           501  01            1860                    1610 7 
130314 1046 00032           501  02            1822                    4072 7 
130314 1046 00009  501  04                                             1822 G 
130314 1046 00010  501  04                                             1822 9 
130314 1046 00022  501  05                     4076                    1851 H 
130314 1046 00136           501  01            1440                92330970 7 
130314 1047 00002           501  01            1856                    1981 7 
130314 1047 00002  501  06                     4076                    1856 9 
130314 1048 00001  501  07               8314390748                    1983 G 
130314 1048 00003  501  07               8314390748                    1983 9 
130314 1048 00002           501  01            1853            989040689300 7 
130314 1048 00015           501  02            1822                    1610 7 
130314 1048 00022           501  03            1854            989190005790 7 
130314 1049 00001           501  01            1853            989040689300 7 
130314 1049 00002  501  08                    04237                    1854 G 
130314 1051 00003  501  09                                             1822 G 
130314 1051 00018  501  09                                             1822 9 
130314 1051 00016  501  10               8314563953                    1983 9 
130314 1052 00002  501  11                    04304                    1853 G 
130314 1052 00007  501  12                     1015                    1850 G 
130314 1053 00003           501  01            1854                    1981 7 
130314 1053 00003  501  13                     1226                    1854 9 
130314 1054 00014  501  14                                             1822 G 
130314 1054 00459  501  08                    04237                    1854 9 
130314 1054 00040           501  01            1835                    1837 7 
130314 1054 00055  501  14                                             1822 9 
130314 1055 00010           501  02            1854                    1226 7 
130314 1055 00000  501  17                   011036                    1855 I 
130314 1055 00011  501  16                                             1822 G 
130314 1055 00029  501  15                    01570                    1853 H 
130314 1055 00002           501  01            1853                    1981 7 
130314 1055 00003  501  18                   011036                    1853 9 
130314 1056 00000  501  21                   011036                    1855 I 
130314 1056 00011  501  20               8312728888                    1983 9 
130314 1056 00030  501  19                    01570                    1858 H 
130314 1056 00059  501  16                                             1822 9 
130314 1056 00339  501  12                     1015                    1850 9 
130314 1057 00030  501  22                    01570                    1850 H 
130314 1057 00003           501  01            1428                    1981 7 
130314 1057 00003  501  23                     1443                    1428 9 
130314 1057 00025  501  24                    01570                    1851 H 
130314 1058 00032           501  01            1860                    1610 7 
130314 1058 00601  501  11                    04304                    1853 9 
130314 1059 00025  501  25                    04237                    1854 H 
130314 1100 00003  501  27                     1878                    1818 G 
130314 1100 00003           501  04            1850                    1981 7 
130314 1100 00003  501  26                     4202                    1850 9 
130314 1100 00020           501  03            1822                  142001 7 
130314 1100 00024  501  28                     4233                    1428 H 
130314 1101 00026  501  29                     4202                    1851 H 
130314 1101 00105           501  02            1427            989202557961 7 
130314 1101 00000  501  30                     4202                    1855 I 
130314 1102 00022           501  03            1853                92581212 7 
130314 1102 00028  501  02                     4202                    1850 H 
130314 1102 00003           501  03            1440                    1955 7 
130314 1102 00028  501  04                     4202                    1851 H 
130314 1103 00008  501  05                    01570                    1858 H 
130314 1103 00030  501  06                    01570                    1853 H 
130314 1103 00348           501  01            1850            989107977123 7 
130314 1103 00019  501  07                     4076                    1851 H 
130314 1103 00002  501  08                    01570                    1850 G 
130314 1104 00025  501  09                     4076                    1856 H 
130314 1104 00051  501  08                    01570                    1850 9 
130314 1105 00002  501  10                    04304                    1853 G 
130314 1106 00035  501  10                    04304                    1853 9 
130314 1106 00145           501  01            1440            989524653749 7 
130314 1107 00725  501  27                     1878                    1818 9 
130314 1109 00057           501  01            1853                   04304 7 
130314 1111 00020  501  11                    04304                    1853 H 
130314 1113 00003  501  12                     1443                    1428 G 
130314 1114 00102           501  01            1425             88452483561 7 
130314 1115 00003  501  13                     4333                    1818 G 
130314 1115 00039  501  13                     4333                    1818 9 
130314 1115 00020           501  01            1425                    1911 7 
130314 1115 00006  501  15                   011093                    1821 G 
130314 1115 00003  501  16                    04304                    1853 G 
130314 1116 00024  501  15                   011093                    1821 9 
130314 1116 00022           501  01            1425             88435555557 7 
130314 1116 00143  501  14                     1015                    1850 H 
130314 1117 00147  501  16                    04304                    1853 9 
130314 1117 00017  501  17               8314166600                    1850 G 
130314 1117 00013           501  01            1425             88435676003 7 
130314 1118 00006  501  18                     1837                    1824 H 
130314 1118 00524  501  12                     1443                    1428 9 
130314 1118 00011  501  19                     4202                    1850 H 
130314 1119 00003  501  21                     4333                    1826 G 
130314 1119 00116  501  17               8314166600                    1850 9 
130314 1119 00336           501  02            1424                    1522 7 
130314 1119 00013           501  03            1425             89600553551 7 
130314 1119 00002  501  20                     4202                    1851 9 
130314 1119 00002           501  02            1851                    1981 7 
130314 1119 00031  501  21                     4333                    1826 9 
130314 1120 00159           501  01            1835             89103828956 7 
130314 1121 00039           501  03            1440            989250081254 7 
130314 1121 00020           501  01            1850                    1933 7 
130314 1121 00139           501  02            1425             89600553550 7 
130314 1121 00028           501  01            1850                    1935 7 
130314 1123 00002           501  04            1425                    1981 7 
130314 1123 00003  501  22                     1701                    1425 9 
130314 1123 00005  501  23                                             1822 G 
130314 1123 00130           501  01            1850                    1958 7 
130314 1123 00042  501  23                                             1822 9 
130314 1124 00154           501  02            1425             89673627710 7 
130314 1124 00214           501  03            1835             89103828956 7 
130314 1124 00007  501  24                   011035                    1850 G 
130314 1125 00113           501  01            1425                    1912 7 
130314 1126 00002  501  25                     1837                    1824 G 
130314 1126 00013  501  25                     1837                    1824 9 
130314 1127 00033           501  02            1850            989601922313 7 
130314 1127 00206           501  01            1850                    3070 C 
130314 1127 00305  501  24                   011035                    1850 C 
130314 1128 00030  501  26                    04237                    1851 H 
130314 1129 00020           501  01            1835                    4151 7 
130314 1129 00029  501  27                    04237                    1856 H 
130314 1129 00048           501  02            1824                    1837 7 
130314 1130 00229           501  04            1853            989200557775 7 
130314 1130 00253           501  03            1818                    1810 7 
130314 1131 00003           501  02            1853                    1981 7 
130314 1131 00003  501  28                     4076                    1853 9 
130314 1131 00014  501  29                     1255                    1428 G 
130314 1132 00049           501  01            1856            988332605376 7 
130314 1132 00115  501  29                     1255                    1428 9 
130314 1134 00035  501  30                   011010                    1850 H 
130314 1135 00000  501  02                    04237                    1856 I 
130314 1135 00236           501  01            1856                    4076 7 
130314 1135 00002  501  03                     4076                    1853 G 
130314 1135 00005  501  05                     1810                    1818 G 
130314 1135 00017  501  04               9038480030                    1983 9 
130314 1136 00001  501  06                     4052                    1835 H 
130314 1136 00002  501  07                     4052                    1835 G 
130314 1136 00054  501  03                     4076                    1853 9 
130314 1136 00019  501  07                     4052                    1835 9 
130314 1137 00004  501  08                     4202                    1850 G 
130314 1137 00032           501  01            1856            988332606653 7 
130314 1138 00001  501  09                    04237                    1856 G 
130314 1138 00043  501  08                     4202                    1850 9 
130314 1138 00002  501  10                     1840                    1821 G 
130314 1138 00003  501  11                     4202                    1850 G 
130314 1138 00020           501  01            1822                   04011 7 
130314 1139 00058  501  10                     1840                    1821 9 
130314 1139 00108  501  09                    04237                    1856 9 
130314 1139 00035           501  01            1853                92581212 7 
130314 1139 00002  501  12                     4161                    1822 G 
130314 1139 00126  501  11                     4202                    1850 9 
130314 1139 00007  501  12                     4161                    1822 9 
130314 1140 00020  501  13                   011008                    1850 H 
130314 1141 00001  501  14               8312205590                    1983 G 
130314 1141 00005  501  14               8312205590                    1983 9 
130314 1141 00012  501  15                   011008                    1850 G 
130314 1141 00016  501  16               8312205590                    1983 9 
130314 1142 00017  501  17               8312205590                    1983 9 
130314 1142 00708  501  05                     1810                    1818 9 
130314 1143 00327           501  01            1427            989202557961 7 
130314 1143 00033           501  02            1850                    3070 C 
130314 1143 00134  501  15                   011008                    1850 C 
130314 1143 00048           501  03            1424                    1522 7 
130314 1143 00008           501  01            1424                94130000 7 
130314 1144 00011           501  01            1424            989200198229 7 
130314 1149 00003  501  18                     1226                    1428 G 
130314 1149 00003  501  19                     4021                    1822 G 
130314 1149 00009  501  19                     4021                    1822 9 
130314 1151 00209  501  18                     1226                    1428 9 
130314 1151 00005  501  20                    04237                    1856 G 
130314 1152 00037  501  20                    04237                    1856 9 
130314 1152 00022  501  21                   011023                    1850 H 
130314 1152 00125           501  01            1427            989202557961 7 
130314 1153 00003  501  23                                             1822 G 
130314 1153 00003           501  01            1853                    1981 7 
130314 1153 00003  501  22                   011023                    1853 9 
130314 1154 00058  501  23                                             1822 9 
130314 1154 00127           501  02            1425             89673627710 7 
130314 1156 00003  501  24                                             1822 G 
130314 1156 00144           501  01            1424                92482011 7 
130314 1157 00057  501  24                                             1822 9 
130314 1157 00007  501  25                     1920                    1850 G 
130314 1158 00003           501  03            1853                    1981 7 
130314 1158 00003  501  26               8332606114                    1853 9 
130314 1158 00048           501  02            1424                92729776 7 
130314 1158 00001  501  27                    04237                    1856 H 
130314 1158 00158           501  01            1427            989202557961 7 
130314 1200 00000  501  28                   011032                    1855 I 
130314 1200 00101           501  01            1424            989040528133 7 
130314 1201 00042           501  02            1880            989506038907 7 
130314 1203 00000  501  29                     1015                    1855 I 
130314 1203 00006  501  02                    01570                    1440 G 
130314 1203 00015  501  30                     1015                    1853 G 
130314 1204 00102  501  30                     1015                    1853 9 
130314 1205 00748  501  25                     1920                    1850 9 
130314 1206 00240  501  02                    01570                    1440 9 
130314 1206 00016  501  03                     1878                    1818 H 
130314 1206 00002  501  04                     1834                    1822 G 
130314 1207 00058  501  04                     1834                    1822 9 
130314 1208 00351           501  01            1856            989200416777 7 
130314 1209 00147           501  02            1853                   01570 7 
130314 1213 00048           501  01            1856            989200186391 7 
130314 1214 00058           501  03            1853            989107902849 7 
130314 1214 00024           501  01            1856            989100061928 7 
130314 1215 00000  501  05               8314166600                    1885 H 
130314 1215 00000  501  06               8314166600                    1885 H 
130314 1215 00000  501  07               8314166600                    1885 H 
130314 1215 00000  501  08               8314166600                    1885 H 
130314 1215 00000  501  09               8314166600                    1885 H 
130314 1215 00000  501  10               8314166600                    1885 H 
130314 1216 00023           501  04            1856            989056631943 7 
130314 1216 00000  501  11               8314166600                    1885 H 
130314 1216 00131           501  03            1850            989107977123 7 
130314 1216 00012  501  12               8314166600                    1850 G 
130314 1216 00005  501  13                     1810                    1818 G 
130314 1217 00048           501  03            1856            989056631943 7 
130314 1217 00210           501  01            1853                   04304 7 
130314 1217 00114  501  12               8314166600                    1850 9 
130314 1217 00647           501  02            1427            989202557961 7 
130314 1218 00131  501  13                     1810                    1818 9 
130314 1219 00123           501  01            1856            989200401709 7 
130314 1227 00004  501  14                   014537                    1822 G 
130314 1228 00029           501  02            1856            989103886121 7 
130314 1228 00117  501  14                   014537                    1822 9 
130314 1230 00107           501  02            1856            989056677688 7 
130314 1231 00037           501  02            1822                  014537 7 
130314 1232 00000  501  15                    04237                    1856 I 
130314 1233 00004  501  17                     1810                    1818 G 
130314 1233 00003           501  02            1851                    1981 7 
130314 1233 00003  501  16               8312444930                    1851 9 
130314 1233 00001  501  18                     4333                    1822 G 
130314 1233 01253           501  01            1853            989290520972 7 
130314 1233 00017  501  18                     4333                    1822 9 
130314 1233 00210           501  03            1856            989506109782 7 
130314 1235 00016           501  01            1822                   04344 7 
130314 1235 00018           501  02            1853            989290520972 7 
130314 1235 00016  501  19                     1878                    1824 G 
130314 1235 00003  501  20                    04237                    1856 G 
130314 1236 00041  501  20                    04237                    1856 9 
130314 1236 00107  501  19                     1878                    1824 9 
130314 1239 00019  501  21                    01570                    1853 G 
130314 1240 00031           501  01            1856                92581362 7 
130314 1241 00119  501  21                    01570                    1853 9 
130314 1243 00021           501  01            1853            989107902849 7 
130314 1245 01222  501  17                     1810                    1818 9 
130314 1245 00131           501  01            1853                   04304 7 
130314 1245 00030           501  03            1856            989101001927 7 
130314 1246 00011           501  01            1856                    1964 7 
130314 1247 00112           501  01            1856            989506113611 7 
130314 1248 00312           501  02            1427            989202557961 7 
130314 1251 00030  501  22                    04304                    1853 H 
130314 1251 00153           501  02            1854                   04237 7 
130314 1252 00003  501  23                     1443                    1871 9 
130314 1252 00003           501  03            1871                    1981 7 
130314 1253 00342           501  01            1856            988332606653 7 
130314 1253 00104           501  02            1818                   01811 7 
130314 1256 00004  501  24                                             1822 G 
130314 1256 00012  501  24                                             1822 9 
130314 1258 00007  501  25                     4076                    1850 G 
130314 1258 00013  501  25                     4076                    1850 9 
130314 1258 00055           501  01            1822                    4181 7 
130314 1259 00004  501  26                     4076                    1856 G 
130314 1259 00018  501  26                     4076                    1856 9 
130314 1259 00002  501  27                    01961                    1827 G 
130314 1300 00010  501  27                    01961                    1827 9 
130314 1300 00131           501  02            1853                92444774 7 
130314 1301 00046           501  01            1853                94168477 7 
130314 1303 00057           501  01            1856                92451041 7 
130314 1303 00017  501  28               8314160174                    1983 9 
130314 1304 00013           501  02            1853            989603140873 7 
130314 1304 00050           501  01            1824                94216322 7 
130314 1305 00002  501  30                     1463                    1853 G 
130314 1305 00016  501  29               8314160174                    1983 9 
130314 1306 00127  501  30                     1463                    1853 9 
130314 1307 00126           501  01            1427            989202557961 7 
130314 1307 00013           501  02            1856            989101001927 7 
130314 1308 00019           501  02            1427            989202557961 7 
130314 1308 00008  501  01               8314166600                    1850 G 
130314 1309 00003  501  02                    04304                    1853 G 
130314 1311 00201  501  02                    04304                    1853 9 
130314 1311 00124           501  03            1856            989026870003 7 
130314 1312 00417  501  01               8314166600                    1850 9 
130314 1313 00050           501  01            1427            989202557961 7 
130314 1314 00103           501  02            1818                    1810 7 
130314 1315 00014           501  02            1850                94168477 7 
130314 1316 00020           501  03            1858                   01858 7 
130314 1316 00212           501  01            1856            989026870003 7 
130314 1317 00013           501  01            1818                    1810 7 
130314 1318 00003  501  03                     4091                    1822 G 
130314 1318 00004  501  03                     4091                    1822 9 
130314 1318 00017  501  04                     1443                    1871 H 
130314 1318 00003  501  05                     1443                    1854 G 
130314 1319 00016  501  05                     1443                    1854 9 
130314 1320 00002  501  06                     1810                    1818 G 
130314 1320 00003  501  07                     1443                    1821 G 
130314 1321 00041  501  06                     1810                    1818 9 
130314 1321 00002  501  08                                             1822 G 
130314 1322 00347           501  01            1856            989081688435 7 
130314 1322 00010  501  08                                             1822 9 
130314 1322 00213           501  02            1824                92724079 7 
130314 1323 00039           501  01            1818                    4131 7 
130314 1323 00013           501  01            1818                    1810 7 
130314 1324 00037           501  01            1856            989040693788 7 
130314 1324 00002  501  09                     4191                    1822 G 
130314 1324 00004  501  10                     1878                    1824 G 
130314 1325 00028  501  09                     4191                    1822 9 
130314 1326 00009  501  11                     4076                    1853 G 
130314 1327 00005  501  12               8312725025                    1440 G 
130314 1327 00151           501  02            1427            989202557961 7 
130314 1328 00125  501  12               8312725025                    1440 9 
130314 1329 00809  501  07                     1443                    1821 9 
130314 1329 00334           501  01            1856            989601793801 7 
130314 1329 00005  501  13                     4191                    1822 G 
130314 1329 00028  501  13                     4191                    1822 9 
130314 1332 00009           501  02            1856            989101044027 7 
130314 1333 00056           501  02            1856            989124574639 7 
130314 1336 00002           501  03            1850                    1981 7 
130314 1336 00002  501  14                   011023                    1850 9 
130314 1336 00155           501  02            1856            989042764958 7 
130314 1337 00747           501  01            1427            989202557961 7 
130314 1338 01406  501  10                     1878                    1824 9 
130314 1340 01335  501  11                     4076                    1853 9 
130314 1340 00001  501  15                     4082                    1822 G 
130314 1340 00014  501  15                     4082                    1822 9 
130314 1341 00130           501  01            1427            989202557961 7 
130314 1342 00040           501  02            1853            989049202707 7 
130314 1343 00002  501  16                     4302                    1853 G 
130314 1345 00210           501  01            1427            989202557961 7 
130314 1347 00318  501  16                     4302                    1853 9 
130314 1348 00001  501  17                     1443                    1821 G 
130314 1348 00003  501  18                     4076                    1853 G 
130314 1349 00058  501  17                     1443                    1821 9 
130314 1349 00052           501  01            1850                    1463 7 
130314 1350 00000  501  19                   011010                    1855 I 
130314 1350 00000  501  20                   011010                    1855 I 
130314 1351 00206  501  18                     4076                    1853 9 
130314 1351 00014  501  21                     4076                    1856 G 
130314 1351 00003  501  22                    04304                    1853 G 
130314 1352 00000  501  23                   011010                    1855 I 
130314 1352 00150           501  01            1850                    1463 7 
130314 1352 00001  501  24                     4151                    1822 G 
130314 1352 00035  501  22                    04304                    1853 9 
130314 1352 00025  501  24                     4151                    1822 9 
130314 1352 00003           501  01            1850                    1967 7 
130314 1353 00028           501  02            1853                92700054 7 
130314 1355 00315  501  21                     4076                    1856 9 
130314 1356 00035           501  01            1822                    4151 7 
130314 1356 00002  501  25                    04347                    1822 G 
130314 1357 00013  501  25                    04347                    1822 9 
130314 1357 00008  501  26                     1015                    1850 G 
130314 1358 00018  501  27                     1960                    1858 H 
130314 1359 00145  501  26                     1015                    1850 9 
130314 1400 00008  501  28                   011010                    1850 G 
130314 1401 00137  501  28                   011010                    1850 9 
130314 1402 00012  501  29                     1015                    1850 G 
130314 1403 00004  501  30                                             1822 G 
130314 1404 00039           501  01            1853                    1967 7 
130314 1404 00052  501  30                                             1822 9 
130314 1405 00016  501  02               8312430401                    1983 9 
130314 1405 00041           501  01            1850                    1933 7 
130314 1406 00331  501  29                     1015                    1850 9 
130314 1406 00125           501  03            1835                92461119 7 
130314 1407 00046           501  01            1856                92581362 7 
130314 1408 00004  501  03                     1967                    1853 G 
130314 1409 00058           501  01            1850                    1945 7 
130314 1410 00158  501  03                     1967                    1853 9 
130314 1412 00002  501  04                    04304                    1853 G 
130314 1413 00037  501  04                    04304                    1853 9 
130314 1414 00013  501  05                   011023                    1850 G 
130314 1414 00013           501  02            1835                92557096 7 
130314 1415 00051           501  03            1853                   04304 7 
130314 1415 00026           501  02            1835                92655247 7 
130314 1416 00003           501  03            1850                    1935 C 
130314 1416 00229  501  05                   011023                    1850 C 
130314 1417 00004           501  02            1854                   04105 7 
130314 1417 00002           501  03            1850                    1935 7 
130314 1418 00101           501  02            1850                    1936 7 
130314 1419 00017           501  02            1850            989043941407 7 
130314 1420 00138           501  04            1853                   04304 7 
130314 1420 00017  501  06               9200180533                    1983 9 
130314 1421 00025  501  07                    04237                    1854 H 
130314 1421 00003  501  08                    04349                    1822 G 
130314 1421 00953           501  01            1856            989501501590 7 
130314 1421 00006  501  08                    04349                    1822 9 
130314 1424 00029  501  09                    04237                    1854 H 
130314 1425 00118           501  01            1856            989124601798 7 
130314 1426 00005  501  11                    04344                    1822 G 
130314 1427 00011  501  11                    04344                    1822 9 
130314 1427 00042           501  01            1425                    1912 7 
130314 1427 00003           501  04            1850                    1981 7 
130314 1427 00003  501  10                     1915                    1850 9 
130314 1427 00004  501  12                     1915                    1853 G 
130314 1428 00044  501  12                     1915                    1853 9 
130314 1428 00012           501  04            1822                  142001 7 
130314 1429 00105           501  01            1427            989202557961 7 
130314 1430 00008           501  01            1822                    4061 7 
130314 1432 00008           501  01            1853                94636038 7 
130314 1437 01333           501  02            1835             89535528937 7 
130314 1438 01357           501  03            1850            989512010116 7 
130314 1438 00016  501  13               9081550011                    1983 9 
130314 1439 00244           501  01            1856            989127122315 7 
130314 1439 00018           501  01            1856                    4076 7 
130314 1440 00007  501  14                     1528                    1424 G 
130314 1445 00447  501  14                     1528                    1424 9 
130314 1446 00008  501  15                     4076                    1853 G 
130314 1447 00041  501  15                     4076                    1853 9 
130314 1449 00016  501  16               8312729789                    1983 9 
130314 1450 00323           501  01            1853            988332603419 7 
130314 1451 00108           501  02            1854                    1909 7 
130314 1453 00216           501  01            1853                    4076 7 
130314 1454 00159           501  02            1856            989307097843 7 
130314 1454 00041           501  03            1425                    1912 7 
130314 1455 00118           501  01            1853            988332602376 7 
130314 1457 00007  501  17                   011018                    1850 G 
130314 1458 00013  501  18                     1921                    1853 G 
130314 1459 00056  501  18                     1921                    1853 9 
130314 1459 00003           501  01            1850                    1981 7 
130314 1459 00003  501  19               9202556579                    1850 9 
130314 1459 00153  501  17                   011018                    1850 9 
130314 1459 00003  501  21                     1310                    1835 G 
130314 1500 00010  501  21                     1310                    1835 9 
130314 1500 00002           501  02            1853                    1981 7 
130314 1500 00003  501  20               9200628953                    1853 9 
130314 1500 00005  501  23                     1800                    1424 G 
130314 1500 00013  501  22                     1015                    1850 G 
130314 1500 00053           501  01            1818                   01828 7 
130314 1501 00110  501  23                     1800                    1424 9 
130314 1501 00004  501  24                     1944                    1440 G 
130314 1502 00151  501  22                     1015                    1850 9 
130314 1502 00245           501  02            1853            988332603419 7 
130314 1504 00000  501  25                     1921                    1856 I 
130314 1505 00019  501  26                   011012                    1853 H 
130314 1506 00039           501  01            1856                92940641 7 
130314 1506 00021           501  02            1835             89519100197 7 
130314 1506 00427  501  24                     1944                    1440 9 
130314 1506 00003  501  27                   011012                    1822 9 
130314 1506 00003           501  01            1822                    1981 7 
130314 1508 00002  501  29                    04304                    1853 G 
130314 1509 00152           501  02            1440                    1438 7 
130314 1509 00048  501  29                    04304                    1853 9 
130314 1509 00147  501  28                     1015                    1850 G 
130314 1509 00115           501  01            1854                    1443 7 
130314 1509 00002  501  30                     1443                    1871 G 
130314 1510 00021           501  02            1853                92487677 7 
130314 1510 00005           501  02            1853                   04304 7 
130314 1510 00049  501  28                     1015                    1850 9 
130314 1511 00102           501  01            1824                    1837 7 
130314 1511 00152  501  30                     1443                    1871 9 
130314 1512 00003  501  02                     1015                    1850 G 
130314 1513 00109           501  01            1856            989503531321 7 
130314 1513 00152  501  02                     1015                    1850 9 
130314 1514 00030           501  01            1440                   01570 7 
130314 1516 00158           501  02            1850            989200628955 7 
130314 1516 00133           501  04            1856            989200238613 7 
130314 1517 00001           501  01            1856            989535637844 7 
130314 1519 00013  501  04                   014537                    1822 G 
130314 1519 00031  501  04                   014537                    1822 9 
130314 1519 00010  501  05                     4233                    1428 G 
130314 1520 00034  501  05                     4233                    1428 9 
130314 1521 00003  501  06                    01570                    1440 G 
130314 1521 00658           501  03            1826                    1878 7 
130314 1522 00126           501  01            1427            989202557961 7 
130314 1523 00238  501  06                    01570                    1440 9 
130314 1523 00104           501  01            1850            989050112604 7 
130314 1525 00016  501  07               9200619368                    1983 9 
130314 1525 00004  501  08                     1921                    1826 G 
130314 1527 00003  501  09                   011012                    1822 G 
130314 1527 00144           501  01            1440                   01570 7 
130314 1527 00026  501  09                   011012                    1822 9 
130314 1527 00012  501  10                     1015                    1850 G 
130314 1527 00146  501  08                     1921                    1826 9 
130314 1528 00003  501  11                   011012                    1850 9 
130314 1528 00002           501  01            1850                    1981 7 
130314 1528 00000  501  12                   011012                    1855 I 
130314 1529 00020  501  13                    04304                    1853 G 
130314 1530 00005  501  14                     1125                    1412 G 
130314 1530 00006  501  15                     1878                    1818 G 
130314 1530 00020           501  02            1853                92487677 7 
130314 1531 00039           501  01            1850                    3070 7 
130314 1531 00138  501  13                    04304                    1853 9 
130314 1532 00252  501  14                     1125                    1412 9 
130314 1533 00029           501  02            1853            989026827292 7 
130314 1534 00003           501  01            1856            989506233220 7 
130314 1534 00654  501  10                     1015                    1850 9 
130314 1535 00043           501  01            1856            988313072762 7 
130314 1535 00119           501  02            1412                    1125 7 
130314 1536 00002  501  16                    04237                    1854 G 
130314 1536 00055           501  01            1856            989101461734 7 
130314 1537 00659  501  15                     1878                    1818 9 
130314 1537 00035  501  16                    04237                    1854 9 
130314 1538 00002  501  17                     4191                    1822 G 
130314 1538 00010  501  17                     4191                    1822 9 
130314 1538 00004  501  18               8312725199                    1440 G 
130314 1538 00001  501  19                                             1822 G 
130314 1539 00430           501  04            1850            989200619368 7 
130314 1539 00118           501  02            1856            989103863744 7 
130314 1540 00054           501  03            1822                92338830 7 
130314 1540 00107  501  19                                             1822 9 
130314 1540 00002  501  20                    04304                    1853 G 
130314 1540 00252           501  01            1818                    1878 7 
130314 1541 00127  501  20                    04304                    1853 9 
130314 1542 00311  501  18               8312725199                    1440 9 
130314 1542 00021           501  01            1835                92737048 7 
130314 1543 00002  501  21                   011012                    1850 9 
130314 1543 00002           501  03            1850                    1981 7 
130314 1543 00056           501  02            1853                92484618 7 
130314 1545 00053           501  02            1853                92485376 7 
130314 1545 00003  501  22                    04304                    1853 G 
130314 1545 00253           501  01            1835             89616330032 7 
130314 1547 00131  501  22                    04304                    1853 9 
130314 1547 00003  501  23                     1310                    1835 G 
130314 1547 00023  501  23                     1310                    1835 9 
130314 1547 00005  501  24                     1310                    1818 G 
130314 1548 00043  501  24                     1310                    1818 9 
130314 1550 00001  501  25                    01221                    1821 G 
130314 1550 00018           501  02            1856                92580202 7 
130314 1550 00029  501  25                    01221                    1821 9 
130314 1550 00007  501  26                    01221                    1822 G 
130314 1551 00428           501  01            1425             89877100005 C 
130314 1551 00028  501  26                    01221                    1822 9 
130314 1551 00041           501  02            1856                92684373 7 
130314 1552 00007  501  27                     1225                    1822 G 
130314 1554 00124  501  27                     1225                    1822 9 
130314 1555 00225  501  28                     1015                    1850 H 
130314 1556 00022           501  01            1853                   01221 7 
130314 1556 00037           501  02            1881                    1837 7 
130314 1557 00011  501  29                    04344                    1822 G 
130314 1557 00006  501  29                    04344                    1822 9 
130314 1557 00013  501  30                     4201                    1822 G 
130314 1557 00017  501  01               8352552300                    1983 9 
130314 1557 00017  501  30                     4201                    1822 9 
130314 1558 00011  501  03                     4191                    1822 G 
130314 1558 00011  501  03                     4191                    1822 9 
130314 1558 00017  501  04               8352552300                    1983 9 
130314 1558 00012           501  02            1853                92700054 7 
130314 1558 00020           501  01            1850            989290520972 7 
130314 1600 00127  501  05                     1015                    1850 G 
130314 1601 00040  501  05                     1015                    1850 9 
130314 1603 00002           501  01            1856            989506027803 7 
130314 1603 00019           501  01            1856            988313058207 7 
130314 1604 00001           501  01            1856            989535637844 7 
130314 1606 00005  501  06                     1810                    1424 G 
130314 1608 00002  501  07                     1924                    1425 G 
130314 1608 00021  501  07                     1924                    1425 9 
130314 1609 00232           501  02            1835             84999998228 7 
130314 1610 00333  501  06                     1810                    1424 9 
130314 1611 00007           501  01            1424                    1600 7 
130314 1613 00003  501  08                   016086                    1434 G 
130314 1615 00209  501  08                   016086                    1434 9 
130314 1615 00012           501  02            1856            988313069154 7 
130314 1616 00006           501  02            1822                    4071 7 
130314 1617 00032           501  02            1822                    4072 7 
130314 1617 00245           501  01            1424                    1800 7 
130314 1619 00009  501  09               8312480000                    1853 G 
130314 1619 00001  501  10                     4172                    1822 G 
130314 1619 00006  501  10                     4172                    1822 9 
130314 1620 00006           501  02            1822                    4071 7 
130314 1620 00120  501  09               8312480000                    1853 9 
130314 1620 00018           501  02            1822                    4072 7 
130314 1621 00249           501  01            1880            989877501025 7 
130314 1623 00151           501  02            1853            988313097941 7 
130314 1623 00017  501  11                    01221                    1854 G 
130314 1624 00007  501  12                                             1822 G 
130314 1625 00208           501  01            1853            989027834075 7 
130314 1625 00222  501  11                    01221                    1854 9 
130314 1626 00215           501  02            1822                92338830 7 
130314 1626 00227  501  12                                             1822 9 
130314 1631 00041           501  01            1853                92458668 7 
130314 1632 00003  501  13                    61426                    1424 G 
130314 1632 00048           501  01            1427            989202557961 7 
130314 1633 00007  501  14                    01570                    1440 G 
130314 1633 00009  501  15                     4202                    1850 G 
130314 1634 00147  501  13                    61426                    1424 9 
130314 1634 00041  501  14                    01570                    1440 9 
130314 1634 00104  501  15                     4202                    1850 9 
130314 1635 00016           501  01            1427            989202557961 7 
130314 1636 00003  501  16                   011018                    1853 G 
130314 1637 00012           501  01            1856            988313057274 7 
130314 1637 00040           501  02            1427            989202557961 7 
130314 1638 00015  501  17                     1943                    1850 G 
130314 1638 00032           501  01            1856            989081587555 7 
130314 1639 00251  501  16                   011018                    1853 9 
130314 1640 00052           501  01            1856                92339017 7 
130314 1641 00016           501  02            1850                    3070 C 
130314 1641 00259  501  17                     1943                    1850 C 
130314 1641 00025           501  01            1856            989519166336 7 
130314 1643 00054           501  01            1425                    1912 7 
130314 1643 00045           501  02            1856            989535637844 7 
130314 1643 00044           501  03            1853            989026827292 7 
130314 1643 00007  501  18                    01570                    1440 G 
130314 1644 00121           501  04            1850                    4202 7 
130314 1644 00034  501  18                    01570                    1440 9 
130314 1644 00024           501  01            1425                    1520 7 
130314 1644 00001           501  02            1856            989506233220 7 
130314 1644 00024           501  01            1856            988313072762 7 
130314 1645 00003  501  19                   011018                    1853 G 
130314 1645 00000  501  20               8312339017                    1856 I 
130314 1647 00245  501  19                   011018                    1853 9 
130314 1648 00009  501  21                     1522                    1425 H 
130314 1648 00022           501  02            1850                    4202 7 
130314 1650 00153           501  01            1425                    1522 7 
130314 1650 00035           501  02            1856            988313061676 7 
130314 1650 00001           501  01            1856            988313069154 7 
130314 1654 00002  501  22                    01221                    1854 G 
130314 1654 00045           501  01            1856                92444930 7 
130314 1655 00120  501  22                    01221                    1854 9 
130314 1657 00021           501  01            1427            989202557961 7 
130314 1658 00016           501  01            1427            989202557961 7 
130314 1659 00059           501  01            1850            989200619368 7 
130314 1659 00002  501  23                     1810                    1835 G 
130314 1700 00001  501  24                     1547                    1822 G 
130314 1701 00044  501  24                     1547                    1822 9 
130314 1702 00452           501  02            1853                92729738 7 
130314 1702 00012  501  25                     1960                    1424 H 
130314 1703 00023           501  01            1850            989200619368 7 
130314 1704 00538  501  23                     1810                    1835 9 
130314 1705 00005  501  26                     1963                    1412 G 
130314 1705 00024  501  26                     1963                    1412 9 
130314 1705 00024           501  01            1853                92444774 7 
130314 1706 00048           501  02            1835             84999998228 7 
130314 1707 00020  501  27                    04344                    1822 H 
130314 1710 00004  501  28                    01221                    1854 G 
130314 1710 00025  501  28                    01221                    1854 9 
130314 1710 00014  501  29                                             1822 G 
130314 1710 00009  501  29                                             1822 9 
130314 1713 00004  501  03                     1840                    1821 G 
130314 1714 00018  501  30                     1810                    1424 H 
130314 1714 00017           501  01            1425                    1912 7 
130314 1714 00031  501  03                     1840                    1821 9 
130314 1714 00029  501  04                     1810                    1426 H 
130314 1714 00001  501  05                    01911                    1425 G 
130314 1715 00022  501  05                    01911                    1425 9 
130314 1715 00140           501  02            1856            989506039261 7 
130314 1718 00001  501  06                     1911                    1425 G 
130314 1718 00028  501  06                     1911                    1425 9 
130314 1721 00002  501  07                    04344                    1822 G 
130314 1722 00035  501  07                    04344                    1822 9 
130314 1723 00016  501  08               9202919068                    1983 9 
130314 1724 00016  501  09               9202919068                    1983 9 
130314 1724 00016  501  10                                             1983 9 
130314 1726 00007  501  11                     1832                    1428 G 
130314 1727 00003  501  13               9202919068                    1983 9 
130314 1727 00018  501  12                     4233                    1856 H 
130314 1727 00017  501  14                                             1983 9 
130314 1727 00016  501  15                     4233                    1851 H 
130314 1728 00017  501  16                     4233                    1850 G 
130314 1728 00000  501  17                     1015                    1855 I 
130314 1729 00002           501  02            1853                    1981 7 
130314 1729 00002  501  18                     1015                    1853 9 
130314 1729 00245  501  11                     1832                    1428 9 
130314 1730 00227           501  01            1425                    1911 7 
130314 1730 00017  501  19               9190279676                    1983 9 
130314 1731 00334  501  16                     4233                    1850 9 
130314 1738 00002  501  20                     1226                    1424 9 
130314 1738 00002           501  01            1424                    1981 7 
130314 1740 00012  501  21                     4301                    1441 G 
130314 1741 00029  501  21                     4301                    1441 9 
130314 1745 00002  501  22                    01221                    1854 G 
130314 1746 00029  501  23               8312339017                    1856 H 
130314 1748 00258  501  22                    01221                    1854 9 
130314 1750 00003  501  24                    01221                    1822 G 
130314 1750 00009           501  01            1425                94192801 7 
130314 1750 00014  501  24                    01221                    1822 9 
130314 1751 00033           501  02            1850            989648389950 7 
130314 1758 00438           501  01            1850            989200329522 7 
130314 1802 00055           501  01            1850            989200329522 7 
130314 1803 00002           501  01            1854                    1981 7 
130314 1803 00002  501  25               8332606114                    1854 9 
130314 1807 00011  501  26                     1800                    1858 H 
130314 1830 00017  501  27               9503751377                    1983 9 
130314 1841 00004  501  28                     4191                    1822 G 
130314 1841 00011  501  28                     4191                    1822 9 
130314 1848 00312           501  01            1856            988313069154 7 
130314 1850 00032           501  01            1856            988313061676 7 
130314 1857 00113           501  02            1850            989058740485 7 
130314 1900 00905           501  01            1856            989040622528 7 
130314 1902 00101           501  01            1856            989600961176 7 
130314 1903 00001  501  29                    01858                    1856 G 
130314 1903 00016  501  29                    01858                    1856 9 
130314 1905 00000           501  01            1856            989506233220 7 
130314 1914 00042           501  01            1850            989127658757 7 
130314 1915 00009  501  30                     4076                    1850 G 
130314 1918 00026           501  01            1856            988313052746 7 
130314 1920 00129           501  01            1856            989081587555 7 
130314 1924 00829  501  30                     4076                    1850 9 
130314 1928 00354           501  01            1850                    4076 7 
130314 1955 00047           501  01            1850            989081669189 7 
130314 1958 00135           501  01            1856            989108882039 7 
130314 2002 00020           501  01            1850            989159342650 7 
130314 2004 00110           501  01            1856            989527633258 7 
130314 2011 00014           501  02            1850            989081669189 7 
130314 2019 00217           501  01            1850            989159342650 7 
130314 2032 00012           501  01            1850            989524769516 7 
130314 2047 00017  501  01               9601677787                    1983 9 
130314 2052 00052           501  01            1856            989023048631 7 
130314 2103 00004  501  02                                             1822 G 
130314 2103 00010  501  02                                             1822 9 
130314 2105 00017           501  01            1856            989023048631 7 
130314 2112 00203           501  01            1856            989209059979 7 
130314 2348 00035           501  01            1822              5003622143 7 
130314 2357 00000  501  03                   011012                    1855 I 
130314 2358 00000  501  04                   011012                    1855 I 
