160314 0047 00016  501  28               9200182006                    1983 9 
160314 0538 00003  501  29                                             1822 G 
160314 0539 00011  501  29                                             1822 9 
160314 0913 00000  501  30                   011042                    1855 I 
160314 0913 00000  501  01                   011042                    1855 I 
160314 0913 00003  501  02                                             1822 G 
160314 0914 00017  501  02                                             1822 9 
160314 0944 00917           501  01            1850            989050552211 7 
160314 0957 00734           501  01            1850            989050552211 7 
160314 1034 00746           501  01            1850            989530407716 7 
160314 1104 00003  501  03                                             1822 G 
160314 1105 00048           501  02            1822                92338830 7 
160314 1105 00101  501  03                                             1822 9 
160314 1121 03011           501  01            1850            989530407716 7 
160314 1128 00622           501  01            1850            989530407716 7 
160314 1147 00009           501  01            1426            989107936277 7 
160314 1213 00415           501  01            1457                92763162 7 
160314 1219 00002  501  04               8314682484                    1426 G 
160314 1220 00105  501  04               8314682484                    1426 9 
160314 1240 02558           501  01            1850            989530407716 7 
160314 1254 00002  501  05                    01424                    1426 G 
160314 1254 00043  501  05                    01424                    1426 9 
160314 1257 00016  501  06               9209450994                    1983 9 
160314 1258 00016  501  07               9209450994                    1983 9 
160314 1339 00012           501  01            1850            989108811515 7 
160314 1405 00717           501  01            1850            989101459049 7 
160314 1418 00017  501  08               9202544645                    1983 9 
160314 1424 00006  501  09               8316150123                    1850 G 
160314 1433 00857  501  09               8316150123                    1850 9 
160314 1437 00316           501  01            1850                   01428 7 
160314 1440 00319           501  01            1850                   01858 7 
160314 1451 00444           501  01            1850            988316150123 7 
160314 1454 00003  501  10                    01858                    1850 G 
160314 1457 00308  501  10                    01858                    1850 9 
160314 1458 00002  501  11               8314682484                    1426 G 
160314 1500 00156  501  11               8314682484                    1426 9 
160314 1517 00039           501  01            1821                  015500 7 
160314 1518 00057           501  01            1821                  014550 7 
160314 1542 00716           501  01            1821            989090222515 7 
160314 1546 00324           501  01            1821            988005001010 7 
160314 1603 00025  501  12               9107936277                    1426 H 
160314 1623 00018  501  13               9107936277                    1426 H 
160314 1627 00002  501  14                                             1822 G 
160314 1628 00053  501  14                                             1822 9 
160314 1634 00016  501  15               9607204095                    1983 9 
160314 1636 00016  501  16               4923472342                    1983 9 
160314 1638 00016  501  17               4923472342                    1983 9 
160314 1651 00005  501  18                                             1822 G 
160314 1653 00121  501  18                                             1822 9 
160314 1700 00740           501  01            1850            988313069154 7 
160314 1710 00618           501  01            1850            989503793722 7 
160314 1739 00028           501  01            1850            988313079630 7 
160314 1829 00958           501  01            1850            989225150053 7 
160314 1831 00021           501  01            1850            989506237555 7 
160314 1849 00003  501  19                                             1822 G 
160314 1851 00152           501  01            1822                92338830 7 
160314 1851 00205  501  19                                             1822 9 
160314 1905 00738           501  01            1850            989519035799 7 
160314 1911 00014           501  01            1850            988313079630 7 
160314 1915 00106           501  01            1850            989081668532 7 
160314 1937 00049           501  01            1821                  014550 7 
160314 2026 00019           501  01            1850            988313079630 7 
160314 2032 00006           501  01            1850            989081668532 7 
160314 2058 00001  501  20                                             1822 G 
160314 2058 00010  501  20                                             1822 9 
160314 2106 02243           501  01            1850            989081668532 7 
160314 2347 01420           501  01            1457                92763162 7 
160314 2348 00017  501  21                                             1822 H 
160314 2348 00045           501  01            1821                  014550 7 
160314 2348 00027  501  22                                             1822 H 
160314 2351 00001  501  23                                             1822 G 
160314 2352 00103           501  01            1822                92338830 7 
160314 2352 00116  501  23                                             1822 9 
